 1.29213783e+02   2.97000000e-01   7.66468315e-07   6.17102934e-03   7.69068023e-07   6.19478958e-03
 1.29275100e+02   2.97140940e-01   7.89368979e-07   6.35540835e-03   7.90663058e-07   6.36873610e-03
 1.29336418e+02   2.97281879e-01   8.30613945e-07   6.68748196e-03   8.30691473e-07   6.69116220e-03
 1.29397736e+02   2.97422819e-01   8.90657696e-07   7.17090930e-03   8.89684439e-07   7.16634645e-03
 1.29459053e+02   2.97563758e-01   9.68837779e-07   7.80035683e-03   9.67042129e-07   7.78945728e-03
 1.29520371e+02   2.97704698e-01   1.06336954e-06   8.56145581e-03   1.06102440e-06   8.54647793e-03
 1.29581689e+02   2.97845638e-01   1.17141551e-06   9.43136113e-03   1.16881524e-06   9.41472573e-03
 1.29643006e+02   2.97986577e-01   1.28922910e-06   1.03799080e-02   1.28666308e-06   1.03639819e-02
 1.29704324e+02   2.98127517e-01   1.41236730e-06   1.13713246e-02   1.41009155e-06   1.13581896e-02
 1.29765642e+02   2.98268456e-01   1.53596260e-06   1.23664216e-02   1.53417133e-06   1.23576437e-02
 1.29826959e+02   2.98409396e-01   1.65503986e-06   1.33251425e-02   1.65383880e-06   1.33215568e-02
 1.29888277e+02   2.98550336e-01   1.76486016e-06   1.42093334e-02   1.76424368e-06   1.42108605e-02
 1.29949595e+02   2.98691275e-01   1.86127117e-06   1.49855627e-02   1.86110506e-06   1.49910722e-02
 1.30010912e+02   2.98832215e-01   1.94104170e-06   1.56278153e-02   1.94105327e-06   1.56350494e-02
 1.30072230e+02   2.98973154e-01   2.00215795e-06   1.61198777e-02   2.00193482e-06   1.61254462e-02
 1.30133547e+02   2.99114094e-01   2.04406013e-06   1.64572426e-02   2.04305875e-06   1.64566965e-02
 1.30194865e+02   2.99255034e-01   2.06780051e-06   1.66483824e-02   2.06536473e-06   1.66363696e-02
 1.30256183e+02   2.99395973e-01   2.07610804e-06   1.67152684e-02   2.07149772e-06   1.66857705e-02
 1.30317500e+02   2.99536913e-01   2.07334929e-06   1.66930570e-02   2.06577831e-06   1.66397010e-02
 1.30378818e+02   2.99677852e-01   2.06538202e-06   1.66289106e-02   2.05406423e-06   1.65453450e-02
 1.30440136e+02   2.99818792e-01   2.05930367e-06   1.65799722e-02   2.04350514e-06   1.64602922e-02
 1.30501453e+02   2.99959732e-01   2.06310429e-06   1.66105719e-02   2.04219939e-06   1.64497745e-02
 1.30562771e+02   3.00100671e-01   2.08524009e-06   1.67887929e-02   2.05876872e-06   1.65832392e-02
 1.30624089e+02   3.00241611e-01   2.13414994e-06   1.71825783e-02   2.10187281e-06   1.69304397e-02
 1.30685406e+02   3.00382550e-01   2.21774228e-06   1.78556014e-02   2.17969126e-06   1.75572619e-02
 1.30746724e+02   3.00523490e-01   2.34288420e-06   1.88631505e-02   2.29940439e-06   1.85215429e-02
 1.30808041e+02   3.00664430e-01   2.51492630e-06   2.02483047e-02   2.46670705e-06   1.98691542e-02
 1.30869359e+02   3.00805369e-01   2.73729782e-06   2.20386737e-02   2.68539010e-06   2.16306310e-02
 1.30930677e+02   3.00946309e-01   3.01120466e-06   2.42439667e-02   2.95702269e-06   2.38186127e-02
 1.30991994e+02   3.01087248e-01   3.33545965e-06   2.68546252e-02   3.28076531e-06   2.64263370e-02
 1.31053312e+02   3.01228188e-01   3.70646836e-06   2.98417097e-02   3.65333791e-06   2.94273835e-02
 1.31114630e+02   3.01369128e-01   4.11838702e-06   3.31581706e-02   4.06916017e-06   3.27768029e-02
 1.31175947e+02   3.01510067e-01   4.56345983e-06   3.67415638e-02   4.52067224e-06   3.64137014e-02
 1.31237265e+02   3.01651007e-01   5.03253316e-06   4.05181912e-02   4.99883434e-06   4.02652639e-02
 1.31298583e+02   3.01791946e-01   5.51573371e-06   4.44085605e-02   5.49379301e-06   4.42521217e-02
 1.31359900e+02   3.01932886e-01   6.00328708e-06   4.83339754e-02   5.99569130e-06   4.82948776e-02
 1.31421218e+02   3.02073826e-01   6.48644318e-06   5.22239868e-02   6.49558971e-06   5.23215246e-02
 1.31482535e+02   3.02214765e-01   6.95846575e-06   5.60243593e-02   6.98645591e-06   5.62754178e-02
 1.31543853e+02   3.02355705e-01   7.41563637e-06   5.97051551e-02   7.46417349e-06   6.01233998e-02
 1.31605171e+02   3.02496644e-01   7.85821775e-06   6.32684892e-02   7.92851473e-06   6.38636362e-02
 1.31666488e+02   3.02637584e-01   8.29131857e-06   6.67554929e-02   8.38401950e-06   6.75326956e-02
 1.31727806e+02   3.02778523e-01   8.72560250e-06   7.02520221e-02   8.84072231e-06   7.12114050e-02
 1.31789124e+02   3.02919463e-01   9.17778699e-06   7.38926733e-02   9.31467263e-06   7.50290420e-02
 1.31850441e+02   3.03060403e-01   9.67088379e-06   7.78627197e-02   9.82819947e-06   7.91654651e-02
 1.31911759e+02   3.03201342e-01   1.02341420e-05   8.23976534e-02   1.04098802e-05   8.38508633e-02
 1.31973077e+02   3.03342282e-01   1.09026665e-05   8.77801123e-02   1.10941854e-05   8.93628937e-02
 1.32034394e+02   3.03483221e-01   1.17166977e-05   9.43340821e-02   1.19207839e-05   9.60210877e-02
 1.32095712e+02   3.03624161e-01   1.27205546e-05   1.02416387e-01   1.29335107e-05   1.04178532e-01
 1.32157029e+02   3.03765101e-01   1.39612593e-05   1.12405613e-01   1.41790115e-05   1.14210954e-01
 1.32218347e+02   3.03906040e-01   1.54868762e-05   1.24688738e-01   1.57051002e-05   1.26503493e-01
 1.32279665e+02   3.04046980e-01   1.73446167e-05   1.39645875e-01   1.75588761e-05   1.41435529e-01
 1.32340982e+02   3.04187919e-01   1.95787742e-05   1.57633639e-01   1.97846655e-05   1.59364109e-01
 1.32402300e+02   3.04328859e-01   2.22285636e-05   1.78967761e-01   2.24218641e-05   1.80606561e-01
 1.32463618e+02   3.04469799e-01   2.53259534e-05   2.03905626e-01   2.55027637e-05   2.05422993e-01
 1.32524935e+02   3.04610738e-01   2.88935800e-05   2.32629486e-01   2.90504566e-05   2.33999413e-01
 1.32586253e+02   3.04751678e-01   3.29428384e-05   2.65231084e-01   3.30769108e-05   2.66432223e-01
 1.32647571e+02   3.04892617e-01   3.74722398e-05   3.01698435e-01   3.75813068e-05   3.02714820e-01
 1.32708888e+02   3.05033557e-01   4.24661216e-05   3.41905435e-01   4.25487229e-05   3.42727012e-01
 1.32770206e+02   3.05174497e-01   4.78937839e-05   3.85604910e-01   4.79492440e-05   3.86227835e-01
 1.32831524e+02   3.05315436e-01   5.37091128e-05   4.32425587e-01   5.37375550e-05   4.32852279e-01
 1.32892841e+02   3.05456376e-01   5.98507335e-05   4.81873321e-01   5.98530642e-05   4.82112281e-01
 1.32954159e+02   3.05597315e-01   6.62427168e-05   5.33336787e-01   6.62205792e-05   5.33402173e-01
 1.33015476e+02   3.05738255e-01   7.27958400e-05   5.86097632e-01   7.27515408e-05   5.86008616e-01
 1.33076794e+02   3.05879195e-01   7.94093815e-05   6.39344919e-01   7.93457927e-05   6.39124857e-01
 1.33138112e+02   3.06020134e-01   8.59734064e-05   6.92193536e-01   8.58938463e-05   6.91868975e-01
 1.33199429e+02   3.06161074e-01   9.23714775e-05   7.43706017e-01   9.22795773e-05   7.43305595e-01
 1.33260747e+02   3.06302013e-01   9.84837098e-05   7.92917137e-01   9.83832688e-05   7.92470407e-01
 1.33322065e+02   3.06442953e-01   1.04190067e-04   8.38860458e-01   1.04084906e-04   8.38396700e-01
 1.33383382e+02   3.06583893e-01   1.09373791e-04   8.80595925e-01   1.09267606e-04   8.80142991e-01
 1.33444700e+02   3.06724832e-01   1.13924841e-04   9.17237569e-01   1.13821067e-04   9.16820801e-01
 1.33506018e+02   3.06865772e-01   1.17743218e-04   9.47980288e-01   1.17644908e-04   9.47621577e-01
 1.33567335e+02   3.07006711e-01   1.20742065e-04   9.72124760e-01   1.20651784e-04   9.71841751e-01
 1.33628653e+02   3.07147651e-01   1.22850405e-04   9.89099538e-01   1.22770150e-04   9.88905043e-01
 1.33689970e+02   3.07288591e-01   1.24015438e-04   9.98479507e-01   1.23946583e-04   9.98381133e-01
 1.33751288e+02   3.07429530e-01   1.24204290e-04   1.00000000e+00   1.24147562e-04   1.00000000e+00
 1.33812606e+02   3.07570470e-01   1.23405161e-04   9.93566017e-01   1.23360638e-04   9.93661381e-01
 1.33873923e+02   3.07711409e-01   1.21627820e-04   9.79256194e-01   1.21594959e-04   9.79438958e-01
 1.33935241e+02   3.07852349e-01   1.18903417e-04   9.57321341e-01   1.18881111e-04   9.57579107e-01
 1.33996559e+02   3.07993289e-01   1.15283638e-04   9.28177592e-01   1.15270293e-04   9.28494217e-01
 1.34057876e+02   3.08134228e-01   1.10839212e-04   8.92394392e-01   1.10832839e-04   8.92750833e-01
 1.34119194e+02   3.08275168e-01   1.05657828e-04   8.50677771e-01   1.05656158e-04   8.51053025e-01
 1.34180512e+02   3.08416107e-01   9.98415547e-05   8.03849489e-01   9.98421510e-05   8.04221602e-01
 1.34241829e+02   3.08557047e-01   9.35038244e-05   7.52822827e-01   9.35042076e-05   7.53169907e-01
 1.34303147e+02   3.08697987e-01   8.67661229e-05   6.98575896e-01   8.67638885e-05   6.98877104e-01
 1.34364464e+02   3.08838926e-01   7.97544856e-05   6.42123439e-01   7.97474152e-05   6.42359898e-01
 1.34425782e+02   3.08979866e-01   7.25959304e-05   5.84488110e-01   7.25820909e-05   5.84643708e-01
 1.34487100e+02   3.09120805e-01   6.54149541e-05   5.26672261e-01   6.53927796e-05   5.26734305e-01
 1.34548417e+02   3.09261745e-01   5.83302092e-05   4.69631197e-01   5.82985643e-05   4.69590892e-01
 1.34609735e+02   3.09402685e-01   5.14514774e-05   4.14248796e-01   5.14096973e-05   4.14101546e-01
 1.34671053e+02   3.09543624e-01   4.48770327e-05   3.61316286e-01   4.48249418e-05   3.61061797e-01
 1.34732370e+02   3.09684564e-01   3.86914779e-05   3.11514828e-01   3.86293848e-05   3.11157015e-01
 1.34793688e+02   3.09825503e-01   3.29641138e-05   2.65402378e-01   3.28927842e-05   2.64949095e-01
 1.34855006e+02   3.09966443e-01   2.77478787e-05   2.23405156e-01   2.76684887e-05   2.22867757e-01
 1.34916323e+02   3.10107383e-01   2.30788740e-05   1.85813824e-01   2.29929462e-05   1.85206587e-01
 1.34977641e+02   3.10248322e-01   1.89764674e-05   1.52784315e-01   1.88857942e-05   1.52123762e-01
 1.35038958e+02   3.10389262e-01   1.54439449e-05   1.24343088e-01   1.53505013e-05   1.23647223e-01
 1.35100276e+02   3.10530201e-01   1.24696598e-05   1.00396370e-01   1.23755121e-05   9.96838918e-02
 1.35161594e+02   3.10671141e-01   1.00286128e-05   8.07428862e-02   9.93582656e-06   8.00323939e-02
 1.35222911e+02   3.10812081e-01   8.08438167e-06   6.50893918e-02   7.99493296e-06   6.43986305e-02
 1.35284229e+02   3.10953020e-01   6.59130831e-06   5.30682824e-02   6.50700329e-06   5.24134602e-02
 1.35345547e+02   3.11093960e-01   5.49684761e-06   4.42565037e-02   5.41925275e-06   4.36517051e-02
 1.35406864e+02   3.11234899e-01   4.74397787e-06   3.81949600e-02   4.67436426e-06   3.76516800e-02
 1.35468182e+02   3.11375839e-01   4.27357774e-06   3.44076501e-02   4.21288121e-06   3.39344660e-02
 1.35529500e+02   3.11516779e-01   4.02667969e-06   3.24198118e-02   3.97547798e-06   3.20221994e-02
 1.35590817e+02   3.11657718e-01   3.94652096e-06   3.17744336e-02   3.90502813e-06   3.14547308e-02
 1.35652135e+02   3.11798658e-01   3.98032534e-06   3.20466012e-02   3.94840302e-06   3.18041125e-02
 1.35713452e+02   3.11939597e-01   4.08076482e-06   3.28552648e-02   4.05794874e-06   3.26864956e-02
 1.35774770e+02   3.12080537e-01   4.20706626e-06   3.38721494e-02   4.19260618e-06   3.37711520e-02
 1.35836088e+02   3.12221477e-01   4.32574588e-06   3.48276689e-02   4.31865634e-06   3.47864773e-02
 1.35897405e+02   3.12362416e-01   4.41097121e-06   3.55138396e-02   4.41009001e-06   3.55229692e-02
 1.35958723e+02   3.12503356e-01   4.44456619e-06   3.57843211e-02   4.44861746e-06   3.58333051e-02
 1.36020041e+02   3.12644295e-01   4.41568967e-06   3.55518290e-02   4.42334823e-06   3.56297632e-02
 1.36081358e+02   3.12785235e-01   4.32022984e-06   3.47832579e-02   4.33018368e-06   3.48793292e-02
 1.36142676e+02   3.12926174e-01   4.15996652e-06   3.34929376e-02   4.17097437e-06   3.35969093e-02
 1.36203994e+02   3.13067114e-01   3.94155998e-06   3.17344915e-02   3.95250164e-06   3.18371266e-02
 1.36265311e+02   3.13208054e-01   3.67542839e-06   2.95917991e-02   3.68534558e-06   2.96852030e-02
 1.36326629e+02   3.13348993e-01   3.37457648e-06   2.71695647e-02   3.38270291e-06   2.72474374e-02
 1.36387947e+02   3.13489933e-01   3.05343515e-06   2.45839750e-02   3.05921493e-06   2.46417641e-02
 1.36449264e+02   3.13630872e-01   2.72676686e-06   2.19538864e-02   2.72986104e-06   2.19888413e-02
 1.36510582e+02   3.13771812e-01   2.40868377e-06   1.93929194e-02   2.40896554e-06   1.94040503e-02
 1.36571899e+02   3.13912752e-01   2.11181672e-06   1.70027680e-02   2.10935618e-06   1.69907177e-02
 1.36633217e+02   3.14053691e-01   1.84666226e-06   1.48679427e-02   1.84170227e-06   1.48347841e-02
 1.36694535e+02   3.14194631e-01   1.62112422e-06   1.30520792e-02   1.61404920e-06   1.30010544e-02
 1.36755852e+02   3.14335570e-01   1.44025488e-06   1.15958546e-02   1.43155462e-06   1.15310732e-02
 1.36817170e+02   3.14476510e-01   1.30619045e-06   1.05164681e-02   1.29642126e-06   1.04425833e-02
 1.36878488e+02   3.14617450e-01   1.21826581e-06   9.80856472e-03   1.20801122e-06   9.73044659e-03
 1.36939805e+02   3.14758389e-01   1.17328551e-06   9.44641701e-03   1.16311866e-06   9.36884017e-03
 1.37001123e+02   3.14899329e-01   1.16592146e-06   9.38712715e-03   1.15637115e-06   9.31448938e-03
 1.37062441e+02   3.15040268e-01   1.18920358e-06   9.57457734e-03   1.18072551e-06   9.51066210e-03
 1.37123758e+02   3.15181208e-01   1.23506730e-06   9.94383774e-03   1.22802185e-06   9.89163084e-03
 1.37185076e+02   3.15322148e-01   1.29492160e-06   1.04257398e-02   1.28955879e-06   1.03873066e-02
 1.37246393e+02   3.15463087e-01   1.36020294e-06   1.09513363e-02   1.35665504e-06   1.09277623e-02
 1.37307711e+02   3.15604027e-01   1.42288415e-06   1.14559985e-02   1.42116581e-06   1.14473920e-02
 1.37369029e+02   3.15744966e-01   1.47591197e-06   1.18829388e-02   1.47592731e-06   1.18884921e-02
 1.37430346e+02   3.15885906e-01   1.51355316e-06   1.21859975e-02   1.51510899e-06   1.22040978e-02
 1.37491664e+02   3.16026846e-01   1.53163577e-06   1.23315851e-02   1.53445975e-06   1.23599668e-02
 1.37552982e+02   3.16167785e-01   1.52767890e-06   1.22997274e-02   1.53144129e-06   1.23356534e-02
 1.37614299e+02   3.16308725e-01   1.50091166e-06   1.20842176e-02   1.50524908e-06   1.21246769e-02
 1.37675617e+02   3.16449664e-01   1.45218781e-06   1.16919296e-02   1.45672757e-06   1.17338396e-02
 1.37736935e+02   3.16590604e-01   1.38380867e-06   1.11413919e-02   1.38819214e-06   1.11817914e-02
 1.37798252e+02   3.16731544e-01   1.29927103e-06   1.04607581e-02   1.30317470e-06   1.04969819e-02
 1.37859570e+02   3.16872483e-01   1.20296027e-06   9.68533596e-03   1.20611345e-06   9.71516016e-03
 1.37920887e+02   3.17013423e-01   1.09981062e-06   8.85485216e-03   1.10200880e-06   8.87660446e-03
 1.37982205e+02   3.17154362e-01   9.94955149e-07   8.01063436e-03   9.96068715e-07   8.02326442e-03
 1.38043523e+02   3.17295302e-01   8.93387082e-07   7.19288428e-03   8.93364268e-07   7.19598722e-03
 1.38104840e+02   3.17436242e-01   7.99652122e-07   6.43820052e-03   7.98520696e-07   6.43202882e-03
 1.38166158e+02   3.17577181e-01   7.17588331e-07   5.77748429e-03   7.15431095e-07   5.76274785e-03
 1.38227476e+02   3.17718121e-01   6.50126282e-07   5.23433034e-03   6.47178142e-07   5.21297505e-03
 1.38288793e+02   3.17859060e-01   5.99157857e-07   4.82397073e-03   5.95167881e-07   4.79403600e-03
 1.38350111e+02   3.18000000e-01   0.00000000e+00   0.00000000e+00   0.00000000e+00   0.00000000e+00
