 1.29213783e+02   3.49060216e+26
 1.29275100e+02   2.17749168e+26
 1.29336418e+02   1.09848779e+26
 1.29397736e+02   3.50093820e+25
 1.29459053e+02   1.27811156e+24
 1.29520371e+02   1.44904081e+25
 1.29581689e+02   7.77711418e+25
 1.29643006e+02   1.91182882e+26
 1.29704324e+02   3.51551572e+26
 1.29765642e+02   5.52490342e+26
 1.29826959e+02   7.84630911e+26
 1.29888277e+02   1.03605959e+27
 1.29949595e+02   1.29294194e+27
 1.30010912e+02   1.54030766e+27
 1.30072230e+02   1.76295554e+27
 1.30133547e+02   1.94642879e+27
 1.30194865e+02   2.07800393e+27
 1.30256183e+02   2.14763196e+27
 1.30317500e+02   2.14877040e+27
 1.30378818e+02   2.07904736e+27
 1.30440136e+02   1.94070598e+27
 1.30501453e+02   1.74078747e+27
 1.30562771e+02   1.49102470e+27
 1.30624089e+02   1.20743380e+27
 1.30685406e+02   9.09608918e+26
 1.30746724e+02   6.19743241e+26
 1.30808041e+02   3.61417717e+26
 1.30869359e+02   1.58215026e+26
 1.30930677e+02   3.22309118e+25
 1.30991994e+02   2.56574255e+24
 1.31053312e+02   8.38859740e+25
 1.31114630e+02   2.85147276e+26
 1.31175947e+02   6.08568017e+26
 1.31237265e+02   1.04893355e+27
 1.31298583e+02   1.59329844e+27
 1.31359900e+02   2.22113600e+27
 1.31421218e+02   2.90496256e+27
 1.31482535e+02   3.61143964e+27
 1.31543853e+02   4.30293079e+27
 1.31605171e+02   4.93946329e+27
 1.31666488e+02   5.48101945e+27
 1.31727806e+02   5.89005934e+27
 1.31789124e+02   6.13415741e+27
 1.31850441e+02   6.18862162e+27
 1.31911759e+02   6.03895541e+27
 1.31973077e+02   5.68302181e+27
 1.32034394e+02   5.13277452e+27
 1.32095712e+02   4.41543440e+27
 1.32157029e+02   3.57400921e+27
 1.32218347e+02   2.66708112e+27
 1.32279665e+02   1.76781753e+27
 1.32340982e+02   9.62195951e+26
 1.32402300e+02   3.46471140e+26
 1.32463618e+02   2.39502778e+25
 1.32524935e+02   1.01178686e+26
 1.32586253e+02   6.83671573e+26
 1.32647571e+02   1.87135564e+27
 1.32708888e+02   3.75390607e+27
 1.32770206e+02   6.40617842e+27
 1.32831524e+02   9.88393992e+27
 1.32892841e+02   1.42201007e+28
 1.32954159e+02   1.94216322e+28
 1.33015476e+02   2.54673366e+28
 1.33076794e+02   3.23066010e+28
 1.33138112e+02   3.98592330e+28
 1.33199429e+02   4.80164277e+28
 1.33260747e+02   5.66428744e+28
 1.33322065e+02   6.55799564e+28
 1.33383382e+02   7.46499563e+28
 1.33444700e+02   8.36611277e+28
 1.33506018e+02   9.24134596e+28
 1.33567335e+02   1.00704923e+29
 1.33628653e+02   1.08337966e+29
 1.33689970e+02   1.15126012e+29
 1.33751288e+02   1.20899704e+29
 1.33812606e+02   1.25512650e+29
 1.33873923e+02   1.28846445e+29
 1.33935241e+02   1.30814765e+29
 1.33996559e+02   1.31366368e+29
 1.34057876e+02   1.30486879e+29
 1.34119194e+02   1.28199295e+29
 1.34180512e+02   1.24563174e+29
 1.34241829e+02   1.19672564e+29
 1.34303147e+02   1.13652727e+29
 1.34364464e+02   1.06655818e+29
 1.34425782e+02   9.88556763e+28
 1.34487100e+02   9.04419412e+28
 1.34548417e+02   8.16137281e+28
 1.34609735e+02   7.25731123e+28
 1.34671053e+02   6.35186713e+28
 1.34732370e+02   5.46393335e+28
 1.34793688e+02   4.61087605e+28
 1.34855006e+02   3.80804649e+28
 1.34916323e+02   3.06838317e+28
 1.34977641e+02   2.40211680e+28
 1.35038958e+02   1.81658610e+28
 1.35100276e+02   1.31616767e+28
 1.35161594e+02   9.02318239e+27
 1.35222911e+02   5.73722979e+27
 1.35284229e+02   3.26539454e+27
 1.35345547e+02   1.54723002e+27
 1.35406864e+02   5.04165690e+26
 1.35468182e+02   4.38588398e+25
 1.35529500e+02   6.47979070e+25
 1.35590817e+02   4.60953240e+26
 1.35652135e+02   1.12627866e+27
 1.35713452e+02   1.95888299e+27
 1.35774770e+02   2.86471389e+27
 1.35836088e+02   3.76062632e+27
 1.35897405e+02   4.57674127e+27
 1.35958723e+02   5.25803818e+27
 1.36020041e+02   5.76516145e+27
 1.36081358e+02   6.07445892e+27
 1.36142676e+02   6.17730424e+27
 1.36203994e+02   6.07878527e+27
 1.36265311e+02   5.79586550e+27
 1.36326629e+02   5.35514367e+27
 1.36387947e+02   4.79034839e+27
 1.36449264e+02   4.13970861e+27
 1.36510582e+02   3.44333775e+27
 1.36571899e+02   2.74076029e+27
 1.36633217e+02   2.06869346e+27
 1.36694535e+02   1.45917743e+27
 1.36755852e+02   9.38122985e+26
 1.36817170e+02   5.24320506e+26
 1.36878488e+02   2.28926980e+26
 1.36939805e+02   5.54223254e+25
 1.37001123e+02   2.11517213e+21
 1.37062441e+02   5.23530735e+25
 1.37123758e+02   1.96740889e+26
 1.37185076e+02   4.13327768e+26
 1.37246393e+02   6.79630149e+26
 1.37307711e+02   9.72025146e+26
 1.37369029e+02   1.26721751e+27
 1.37430346e+02   1.54358666e+27
 1.37491664e+02   1.78234511e+27
 1.37552982e+02   1.96845424e+27
 1.37614299e+02   2.09126067e+27
 1.37675617e+02   2.14483396e+27
 1.37736935e+02   2.12800502e+27
 1.37798252e+02   2.04412124e+27
 1.37859570e+02   1.90054983e+27
 1.37920887e+02   1.70797347e+27
 1.37982205e+02   1.47953174e+27
 1.38043523e+02   1.22986777e+27
 1.38104840e+02   9.74141668e+26
 1.38166158e+02   7.27070912e+26
 1.38227476e+02   5.02052843e+26
 1.38288793e+02   3.10416897e+26
 1.38350111e+02   0.00000000e+00
