 1.13265969e+02   2.60000000e-01   5.24482823e-08   4.42387680e-04   5.26684958e-08   4.44923734e-04
 1.13324151e+02   2.60133556e-01   5.66207143e-08   4.77581063e-04   5.67845883e-08   4.79694942e-04
 1.13382333e+02   2.60267112e-01   6.03845237e-08   5.09327821e-04   6.04814654e-08   5.10924776e-04
 1.13440515e+02   2.60400668e-01   6.35301819e-08   5.35860633e-04   6.35532986e-08   5.36874472e-04
 1.13498697e+02   2.60534224e-01   6.58826728e-08   5.55703285e-04   6.58293831e-08   5.56101982e-04
 1.13556879e+02   2.60667780e-01   6.73121072e-08   5.67760194e-04   6.71843158e-08   5.67547947e-04
 1.13615061e+02   2.60801336e-01   6.77417855e-08   5.71384419e-04   6.75458274e-08   5.70601861e-04
 1.13673244e+02   2.60934891e-01   6.71532128e-08   5.66419961e-04   6.68995297e-08   5.65142180e-04
 1.13731426e+02   2.61068447e-01   6.55877416e-08   5.53215616e-04   6.52903130e-08   5.51548120e-04
 1.13789608e+02   2.61202003e-01   6.31447146e-08   5.32609316e-04   6.28202733e-08   5.30682149e-04
 1.13847790e+02   2.61335559e-01   5.99761828e-08   5.05883571e-04   5.96432587e-08   5.03843919e-04
 1.13905972e+02   2.61469115e-01   5.62784767e-08   4.74694377e-04   5.59563231e-08   4.72698068e-04
 1.13964154e+02   2.61602671e-01   5.22810941e-08   4.40977491e-04   5.19885588e-08   4.39179881e-04
 1.14022336e+02   2.61736227e-01   4.82335332e-08   4.06837362e-04   4.79879402e-08   4.05384152e-04
 1.14080518e+02   2.61869783e-01   4.43908217e-08   3.74425086e-04   4.42069295e-08   3.73443590e-04
 1.14138700e+02   2.62003339e-01   4.09985814e-08   3.45812418e-04   4.08876809e-08   3.45403820e-04
 1.14196882e+02   2.62136895e-01   3.82784993e-08   3.22869229e-04   3.82477049e-08   3.23102291e-04
 1.14255064e+02   2.62270451e-01   3.64150622e-08   3.07151620e-04   3.64668419e-08   3.08058227e-04
 1.14313246e+02   2.62404007e-01   3.55443474e-08   2.99807366e-04   3.56763212e-08   3.01380204e-04
 1.14371428e+02   2.62537563e-01   3.57455465e-08   3.01504428e-04   3.59505685e-08   3.03696943e-04
 1.14429611e+02   2.62671119e-01   3.70357476e-08   3.12386940e-04   3.73022712e-08   3.15115621e-04
 1.14487793e+02   2.62804674e-01   3.93683149e-08   3.32061542e-04   3.96810215e-08   3.35210414e-04
 1.14545975e+02   2.62938230e-01   4.26349962e-08   3.59615153e-04   4.29756546e-08   3.63042240e-04
 1.14604157e+02   2.63071786e-01   4.66716711e-08   3.93663460e-04   4.70201795e-08   3.97208872e-04
 1.14662339e+02   2.63205342e-01   5.12674404e-08   4.32427584e-04   5.16029912e-08   4.35922750e-04
 1.14720521e+02   2.63338898e-01   5.61765548e-08   4.73834693e-04   5.64788557e-08   4.77112227e-04
 1.14778703e+02   2.63472454e-01   6.11325121e-08   5.15636909e-04   6.13829915e-08   5.18540531e-04
 1.14836885e+02   2.63606010e-01   6.58635165e-08   5.55541707e-04   6.60464426e-08   5.57935620e-04
 1.14895067e+02   2.63739566e-01   7.01084068e-08   5.91346257e-04   7.02118520e-08   5.93123438e-04
 1.14953249e+02   2.63873122e-01   7.36321212e-08   6.21067876e-04   7.36487145e-08   6.22156766e-04
 1.15011431e+02   2.64006678e-01   7.62397884e-08   6.43062873e-04   7.61672077e-08   6.43432054e-04
 1.15069613e+02   2.64140234e-01   7.77886006e-08   6.56126702e-04   7.76297736e-08   6.55787263e-04
 1.15127796e+02   2.64273790e-01   7.81967511e-08   6.59569346e-04   7.79597477e-08   6.58574761e-04
 1.15185978e+02   2.64407346e-01   7.74488793e-08   6.53261242e-04   7.71464999e-08   6.51704748e-04
 1.15244160e+02   2.64540902e-01   7.55976681e-08   6.37646754e-04   7.52467468e-08   6.35656345e-04
 1.15302342e+02   2.64674457e-01   7.27614596e-08   6.13724070e-04   7.23819208e-08   6.11455368e-04
 1.15360524e+02   2.64808013e-01   6.91179883e-08   5.82992333e-04   6.87317084e-08   5.80619740e-04
 1.15418706e+02   2.64941569e-01   6.48945577e-08   5.47368790e-04   6.45240975e-08   5.45075418e-04
 1.15476888e+02   2.65075125e-01   6.03552011e-08   5.09080492e-04   6.00224813e-08   5.07047450e-04
 1.15535070e+02   2.65208681e-01   5.57855484e-08   4.70536655e-04   5.55105463e-08   4.68932312e-04
 1.15593252e+02   2.65342237e-01   5.14762632e-08   4.34188950e-04   5.12758070e-08   4.33158821e-04
 1.15651434e+02   2.65475793e-01   4.77060074e-08   4.02387819e-04   4.75927414e-08   4.02045661e-04
 1.15709616e+02   2.65609349e-01   4.47249295e-08   3.77243199e-04   4.47065124e-08   3.77663879e-04
 1.15767798e+02   2.65742905e-01   4.27396506e-08   3.60497885e-04   4.28182388e-08   3.61712450e-04
 1.15825981e+02   2.65876461e-01   4.19006477e-08   3.53421114e-04   4.20726957e-08   3.55414381e-04
 1.15884163e+02   2.66010017e-01   4.22927991e-08   3.56728809e-04   4.25491949e-08   3.59439668e-04
 1.15942345e+02   2.66143573e-01   4.39296826e-08   3.70535497e-04   4.42562130e-08   3.73859918e-04
 1.16000527e+02   2.66277129e-01   4.67520015e-08   3.94341026e-04   4.71301257e-08   3.98137656e-04
 1.16058709e+02   2.66410684e-01   5.06302770e-08   4.27053275e-04   5.10381645e-08   4.31151305e-04
 1.16116891e+02   2.66544240e-01   5.53716930e-08   4.67045892e-04   5.57854709e-08   4.71254772e-04
 1.16175073e+02   2.66677796e-01   6.07307401e-08   5.12248067e-04   6.11258769e-08   5.16368522e-04
 1.16233255e+02   2.66811352e-01   6.64230731e-08   5.60261421e-04   6.67758195e-08   5.64097123e-04
 1.16291437e+02   2.66944908e-01   7.21418043e-08   6.08497438e-04   7.24306084e-08   6.11866662e-04
 1.16349619e+02   2.67078464e-01   7.75753045e-08   6.54327605e-04   7.77821143e-08   6.57074180e-04
 1.16407801e+02   2.67212020e-01   8.24254798e-08   6.95237578e-04   8.25368581e-08   6.97240476e-04
 1.16465983e+02   2.67345576e-01   8.64254594e-08   7.28976370e-04   8.64334403e-08   7.30157344e-04
 1.16524166e+02   2.67479132e-01   8.93556467e-08   7.53691742e-04   8.92582813e-08   7.54020542e-04
 1.16582348e+02   2.67612688e-01   9.10571742e-08   7.68043685e-04   9.08587274e-08   7.67540512e-04
 1.16640530e+02   2.67746244e-01   9.14419411e-08   7.71289095e-04   9.11527252e-08   7.70024095e-04
 1.16698712e+02   2.67879800e-01   9.04986070e-08   7.63332316e-04   9.01344549e-08   7.61422129e-04
 1.16756894e+02   2.68013356e-01   8.82941419e-08   7.44738223e-04   8.78755479e-08   7.42339728e-04
 1.16815076e+02   2.68146912e-01   8.49707918e-08   7.16706626e-04   8.45217647e-08   7.14008223e-04
 1.16873258e+02   2.68280467e-01   8.07385855e-08   6.81009061e-04   8.02852783e-08   6.78219972e-04
 1.16931440e+02   2.68414023e-01   7.58637699e-08   6.39891254e-04   7.54329642e-08   6.37229440e-04
 1.16989622e+02   2.68547579e-01   7.06538080e-08   5.95946574e-04   7.02713399e-08   5.93625970e-04
 1.17047804e+02   2.68681135e-01   6.54397785e-08   5.51967586e-04   6.51289985e-08   5.50185396e-04
 1.17105986e+02   2.68814691e-01   6.05571825e-08   5.10784153e-04   6.03375408e-08   5.09708954e-04
 1.17164168e+02   2.68948247e-01   5.63262646e-08   4.75097456e-04   5.62121059e-08   4.74858825e-04
 1.17222351e+02   2.69081803e-01   5.30329983e-08   4.47319608e-04   5.30326425e-08   4.47999909e-04
 1.17280533e+02   2.69215359e-01   5.09118614e-08   4.29428367e-04   5.10270262e-08   4.31057213e-04
 1.17338715e+02   2.69348915e-01   5.01314337e-08   4.22845661e-04   5.03570391e-08   4.25397413e-04
 1.17396897e+02   2.69482471e-01   5.07836958e-08   4.28347324e-04   5.11080673e-08   4.31741818e-04
 1.17455079e+02   2.69616027e-01   5.28777033e-08   4.46009735e-04   5.32831673e-08   4.50116248e-04
 1.17513261e+02   2.69749583e-01   5.63380581e-08   4.75196932e-04   5.68019007e-08   4.79841191e-04
 1.17571443e+02   2.69883139e-01   6.10083270e-08   5.14589440e-04   6.15040637e-08   5.19563304e-04
 1.17629625e+02   2.70016694e-01   6.66592639e-08   5.62253630e-04   6.71581509e-08   5.67326915e-04
 1.17687807e+02   2.70150250e-01   7.30014136e-08   6.15748020e-04   7.34741139e-08   6.20681806e-04
 1.17745989e+02   2.70283806e-01   7.97014076e-08   6.72260735e-04   8.01197172e-08   6.76821374e-04
 1.17804171e+02   2.70417362e-01   8.64010426e-08   7.28770420e-04   8.67395741e-08   7.32743447e-04
 1.17862353e+02   2.70550918e-01   9.27380525e-08   7.82221458e-04   9.29757783e-08   7.85424566e-04
 1.17920536e+02   2.70684474e-01   9.83673778e-08   8.29703360e-04   9.84889376e-08   8.31997671e-04
 1.17978718e+02   2.70818030e-01   1.02981687e-07   8.68623859e-04   1.02978380e-07   8.69922797e-04
 1.18036900e+02   2.70951586e-01   1.06329934e-07   8.96865457e-04   1.06200334e-07   8.97140657e-04
 1.18095082e+02   2.71085142e-01   1.08232844e-07   9.12916016e-04   1.07982992e-07   9.12199885e-04
 1.18153264e+02   2.71218698e-01   1.08594372e-07   9.15965411e-04   1.08237530e-07   9.14350132e-04
 1.18211446e+02   2.71352254e-01   1.07408410e-07   9.05962128e-04   1.06964390e-07   9.03595122e-04
 1.18269628e+02   2.71485810e-01   1.04760298e-07   8.83625990e-04   1.04254388e-07   8.80702037e-04
 1.18327810e+02   2.71619366e-01   1.00822976e-07   8.50415692e-04   1.00284527e-07   8.47166141e-04
 1.18385992e+02   2.71752922e-01   9.58479328e-08   8.08452493e-04   9.53086911e-08   8.05132140e-04
 1.18444174e+02   2.71886477e-01   9.01514300e-08   7.60403967e-04   8.96436921e-08   7.57276349e-04
 1.18502356e+02   2.72020033e-01   8.40967309e-08   7.09334148e-04   8.36514459e-08   7.06656096e-04
 1.18560538e+02   2.72153589e-01   7.80733421e-08   6.58528424e-04   7.77182610e-08   6.56534772e-04
 1.18618721e+02   2.72287145e-01   7.24744406e-08   6.11303139e-04   7.22324266e-08   6.10192497e-04
 1.18676903e+02   2.72420701e-01   6.76737909e-08   5.70810902e-04   6.75613924e-08   5.70733348e-04
 1.18735085e+02   2.72554257e-01   6.40035012e-08   5.39852958e-04   6.40298748e-08   5.40900409e-04
 1.18793267e+02   2.72687813e-01   6.17339355e-08   5.20709760e-04   6.19001897e-08   5.22909627e-04
 1.18851449e+02   2.72821369e-01   6.10569914e-08   5.14999912e-04   6.13559946e-08   5.18312471e-04
 1.18909631e+02   2.72954925e-01   6.20737686e-08   5.23576164e-04   6.24904410e-08   5.27895849e-04
 1.18967813e+02   2.73088481e-01   6.47874123e-08   5.46465046e-04   6.52994915e-08   5.51625656e-04
 1.19025995e+02   2.73222037e-01   6.91016195e-08   5.82854266e-04   6.96808631e-08   5.88637843e-04
 1.19084177e+02   2.73355593e-01   7.48249736e-08   6.31129277e-04   7.54387335e-08   6.37278177e-04
 1.19142359e+02   2.73489149e-01   8.16809295e-08   6.88957489e-04   8.22940117e-08   6.95189000e-04
 1.19200541e+02   2.73622705e-01   8.93229397e-08   7.53415866e-04   8.98996443e-08   7.59438537e-04
 1.19258723e+02   2.73756260e-01   9.73539027e-08   8.21154960e-04   9.78601273e-08   8.26685717e-04
 1.19316905e+02   2.73889816e-01   1.05348851e-07   8.88590279e-04   1.05754133e-07   8.93371320e-04
 1.19375088e+02   2.74023372e-01   1.12879589e-07   9.52110101e-04   1.13158965e-07   9.55924574e-04
 1.19433270e+02   2.74156928e-01   1.19539860e-07   1.00828776e-03   1.19675436e-07   1.01097328e-03
 1.19491452e+02   2.74290484e-01   1.24969575e-07   1.05408600e-03   1.24951698e-07   1.05554516e-03
 1.19549634e+02   2.74424040e-01   1.28876662e-07   1.08704127e-03   1.28704629e-07   1.08724852e-03
 1.19607816e+02   2.74557596e-01   1.31055224e-07   1.10541688e-03   1.30737470e-07   1.10442120e-03
 1.19665998e+02   2.74691152e-01   1.31398881e-07   1.10831554e-03   1.30952638e-07   1.10623886e-03
 1.19724180e+02   2.74824708e-01   1.29908454e-07   1.09574417e-03   1.29358875e-07   1.09277535e-03
 1.19782362e+02   2.74958264e-01   1.26693449e-07   1.06862644e-03   1.26072259e-07   1.06501124e-03
 1.19840544e+02   2.75091820e-01   1.21967176e-07   1.02876155e-03   1.21310905e-07   1.02478910e-03
 1.19898726e+02   2.75225376e-01   1.16035689e-07   9.78730986e-04   1.15383595e-07   9.74717411e-04
 1.19956908e+02   2.75358932e-01   1.09281117e-07   9.21757925e-04   1.08672915e-07   9.18028096e-04
 1.20015090e+02   2.75492487e-01   1.02140282e-07   8.61526831e-04   1.01613799e-07   8.58395334e-04
 1.20073273e+02   2.75626043e-01   9.50797842e-08   8.01973359e-04   9.46686972e-08   7.99725711e-04
 1.20131455e+02   2.75759599e-01   8.85689790e-08   7.47056403e-04   8.83007491e-08   7.45931669e-04
 1.20189637e+02   2.75893155e-01   8.30523947e-08   7.00525443e-04   8.29465383e-08   7.00701300e-04
 1.20247819e+02   2.76026711e-01   7.89232041e-08   6.65696789e-04   7.89900016e-08   6.67277960e-04
 1.20306001e+02   2.76160267e-01   7.64993251e-08   6.45251998e-04   7.67390524e-08   6.48262784e-04
 1.20364183e+02   2.76293823e-01   7.60035922e-08   6.41070619e-04   7.64063296e-08   6.45452067e-04
 1.20422365e+02   2.76427379e-01   7.75492242e-08   6.54107625e-04   7.80952645e-08   6.59719556e-04
 1.20480547e+02   2.76560935e-01   8.11315221e-08   6.84323380e-04   8.17923625e-08   6.90951256e-04
 1.20538729e+02   2.76694491e-01   8.66263758e-08   7.30671048e-04   8.73662481e-08   7.38037355e-04
 1.20596911e+02   2.76828047e-01   9.37957731e-08   7.91143057e-04   9.45736289e-08   7.98922609e-04
 1.20655093e+02   2.76961603e-01   1.02300090e-07   8.62874772e-04   1.03071934e-07   8.70713111e-04
 1.20713275e+02   2.77095159e-01   1.11716549e-07   9.42300164e-04   1.12437987e-07   9.49834019e-04
 1.20771458e+02   2.77228715e-01   1.21562846e-07   1.02535113e-03   1.22191704e-07   1.03222977e-03
 1.20829640e+02   2.77362270e-01   1.31324648e-07   1.10768940e-03   1.31823506e-07   1.11359563e-03
 1.20887822e+02   2.77495826e-01   1.40485402e-07   1.18495799e-03   1.40823894e-07   1.18962754e-03
 1.20946004e+02   2.77629382e-01   1.48556734e-07   1.25303758e-03   1.48713475e-07   1.25627576e-03
 1.21004186e+02   2.77762938e-01   1.55107669e-07   1.30829303e-03   1.55071684e-07   1.30998753e-03
 1.21062368e+02   2.77896494e-01   1.59790942e-07   1.34779521e-03   1.59562509e-07   1.34792433e-03
 1.21120550e+02   2.78030050e-01   1.62364786e-07   1.36950492e-03   1.61955631e-07   1.36814054e-03
 1.21178732e+02   2.78163606e-01   1.62708878e-07   1.37240725e-03   1.62141698e-07   1.36971236e-03
 1.21236914e+02   2.78297162e-01   1.60833385e-07   1.35658796e-03   1.60140712e-07   1.35280878e-03
 1.21295096e+02   2.78430718e-01   1.56880486e-07   1.32324627e-03   1.56102949e-07   1.31869927e-03
 1.21353278e+02   2.78564274e-01   1.51118148e-07   1.27464244e-03   1.50302231e-07   1.26969697e-03
 1.21411460e+02   2.78697830e-01   1.43926408e-07   1.21398198e-03   1.43121812e-07   1.20903949e-03
 1.21469643e+02   2.78831386e-01   1.35776838e-07   1.14524247e-03   1.35033608e-07   1.14071336e-03
 1.21527825e+02   2.78964942e-01   1.27206287e-07   1.07295209e-03   1.26571859e-07   1.06923168e-03
 1.21586007e+02   2.79098497e-01   1.18786354e-07   1.00193214e-03   1.18302706e-07   9.99376970e-04
 1.21644189e+02   2.79232053e-01   1.11090313e-07   9.37018021e-04   1.10791376e-07   9.35924063e-04
 1.21702371e+02   2.79365609e-01   1.04659384e-07   8.82774803e-04   1.04568884e-07   8.83358781e-04
 1.21760553e+02   2.79499165e-01   9.99703384e-08   8.43223917e-04   1.00100193e-07   8.45608951e-04
 1.21818735e+02   2.79632721e-01   9.74063384e-08   8.21597241e-04   9.77557223e-08   8.25803743e-04
 1.21876917e+02   2.79766277e-01   9.72328012e-08   8.20133500e-04   9.77879447e-08   8.26075946e-04
 1.21935099e+02   2.79899833e-01   9.95797767e-08   8.39929630e-04   1.00314523e-07   8.47419530e-04
 1.21993281e+02   2.80033389e-01   1.04431989e-07   8.80856788e-04   1.05309093e-07   8.89611794e-04
 1.22051463e+02   2.80166945e-01   1.11627260e-07   9.41547035e-04   1.12600371e-07   9.51205774e-04
 1.22109645e+02   2.80300501e-01   1.20863544e-07   1.01945270e-03   1.21879758e-07   1.02959457e-03
 1.22167828e+02   2.80434057e-01   1.31714318e-07   1.11097617e-03   1.32717179e-07   1.12114504e-03
 1.22226010e+02   2.80567613e-01   1.43651563e-07   1.21166373e-03   1.44584322e-07   1.22139422e-03
 1.22284192e+02   2.80701169e-01   1.56075117e-07   1.31645320e-03   1.56884089e-07   1.32529804e-03
 1.22342374e+02   2.80834725e-01   1.68346800e-07   1.41996166e-03   1.68984592e-07   1.42751857e-03
 1.22400556e+02   2.80968280e-01   1.79827363e-07   1.51679724e-03   1.80255817e-07   1.52273366e-03
 1.22458738e+02   2.81101836e-01   1.89914182e-07   1.60187695e-03   1.90106816e-07   1.60595121e-03
 1.22516920e+02   2.81235392e-01   1.98077450e-07   1.67073200e-03   1.98021276e-07   1.67280960e-03
 1.22575102e+02   2.81368948e-01   2.03892755e-07   1.71978259e-03   2.03589329e-07   1.71984643e-03
 1.22633284e+02   2.81502504e-01   2.07068037e-07   1.74656527e-03   2.06533678e-07   1.74471919e-03
 1.22691466e+02   2.81636060e-01   2.07463254e-07   1.74989882e-03   2.06728397e-07   1.74636410e-03
 1.22749648e+02   2.81769616e-01   2.05101460e-07   1.72997771e-03   2.04209166e-07   1.72508258e-03
 1.22807830e+02   2.81903172e-01   2.00170500e-07   1.68838633e-03   1.99174180e-07   1.68254891e-03
 1.22866013e+02   2.82036728e-01   1.93015028e-07   1.62803178e-03   1.91975521e-07   1.62173733e-03
 1.22924195e+02   2.82170284e-01   1.84119163e-07   1.55299746e-03   1.83101304e-07   1.54677126e-03
 1.22982377e+02   2.82303840e-01   1.74080608e-07   1.46832485e-03   1.73149488e-07   1.46270205e-03
 1.23040559e+02   2.82437396e-01   1.63577599e-07   1.37973469e-03   1.62794731e-07   1.37522894e-03
 1.23098741e+02   2.82570952e-01   1.53330496e-07   1.29330303e-03   1.52750106e-07   1.29037571e-03
 1.23156923e+02   2.82704508e-01   1.44060155e-07   1.21511010e-03   1.43725821e-07   1.21414193e-03
 1.23215105e+02   2.82838063e-01   1.36445486e-07   1.15088235e-03   1.36387330e-07   1.15214910e-03
 1.23273287e+02   2.82971619e-01   1.31082654e-07   1.10564824e-03   1.31315263e-07   1.10930218e-03
 1.23331469e+02   2.83105175e-01   1.28448359e-07   1.08342865e-03   1.28969580e-07   1.08948672e-03
 1.23389651e+02   2.83238731e-01   1.28869443e-07   1.08698038e-03   1.29660128e-07   1.09532021e-03
 1.23447833e+02   2.83372287e-01   1.32500704e-07   1.11760912e-03   1.33525460e-07   1.12797310e-03
 1.23506015e+02   2.83505843e-01   1.39312411e-07   1.17506411e-03   1.40521321e-07   1.18707151e-03
 1.23564198e+02   2.83639399e-01   1.49088426e-07   1.25752227e-03   1.50419660e-07   1.27068897e-03
 1.23622380e+02   2.83772955e-01   1.61435264e-07   1.36166465e-03   1.62818459e-07   1.37542938e-03
 1.23680562e+02   2.83906511e-01   1.75801765e-07   1.48284236e-03   1.77161981e-07   1.49659809e-03
 1.23738744e+02   2.84040067e-01   1.91508453e-07   1.61532421e-03   1.92770495e-07   1.62845297e-03
 1.23796926e+02   2.84173623e-01   2.07785043e-07   1.75261303e-03   2.08877895e-07   1.76452226e-03
 1.23855108e+02   2.84307179e-01   2.23814054e-07   1.88781359e-03   2.24675177e-07   1.89797178e-03
 1.23913290e+02   2.84440735e-01   2.38778109e-07   2.01403152e-03   2.39357337e-07   2.02200117e-03
 1.23971472e+02   2.84574290e-01   2.51908206e-07   2.12478049e-03   2.52171009e-07   2.13024627e-03
 1.24029654e+02   2.84707846e-01   2.62530145e-07   2.21437379e-03   2.62460052e-07   2.21716426e-03
 1.24087836e+02   2.84841402e-01   2.70106359e-07   2.27827720e-03   2.69706376e-07   2.27837848e-03
 1.24146018e+02   2.84974958e-01   2.74270582e-07   2.31340134e-03   2.73563496e-07   2.31096199e-03
 1.24204200e+02   2.85108514e-01   2.74853176e-07   2.31831537e-03   2.73880709e-07   2.31364169e-03
 1.24262382e+02   2.85242070e-01   2.71895429e-07   2.29336754e-03   2.70716252e-07   2.28690954e-03
 1.24320565e+02   2.85375626e-01   2.65651747e-07   2.24070370e-03   2.64338453e-07   2.23303229e-03
 1.24378747e+02   2.85509182e-01   2.56579353e-07   2.16418041e-03   2.55214533e-07   2.15595683e-03
 1.24436929e+02   2.85642738e-01   2.45315829e-07   2.06917549e-03   2.43987463e-07   2.06111474e-03
 1.24495111e+02   2.85776294e-01   2.32645546e-07   1.96230493e-03   2.31441965e-07   1.95513507e-03
 1.24553293e+02   2.85909850e-01   2.19456725e-07   1.85106065e-03   2.18461421e-07   1.84548029e-03
 1.24611475e+02   2.86043406e-01   2.06691430e-07   1.74338869e-03   2.05978019e-07   1.74002519e-03
 1.24669657e+02   2.86176962e-01   1.95291277e-07   1.64723135e-03   1.94918916e-07   1.64660202e-03
 1.24727839e+02   2.86310518e-01   1.86141946e-07   1.57005911e-03   1.86151479e-07   1.57253800e-03
 1.24786021e+02   2.86444073e-01   1.80019744e-07   1.51841992e-03   1.80430825e-07   1.52421206e-03
 1.24844203e+02   2.86577629e-01   1.77543375e-07   1.49753239e-03   1.78352760e-07   1.50665734e-03
 1.24902385e+02   2.86711185e-01   1.79133894e-07   1.51094801e-03   1.80315032e-07   1.52323388e-03
 1.24960567e+02   2.86844741e-01   1.84985364e-07   1.56030365e-03   1.86489347e-07   1.57539218e-03
 1.25018750e+02   2.86978297e-01   1.95048206e-07   1.64518111e-03   1.96806053e-07   1.66254386e-03
 1.25076932e+02   2.87111853e-01   2.09026489e-07   1.76308430e-03   2.10952677e-07   1.78204924e-03
 1.25135114e+02   2.87245409e-01   2.26389675e-07   1.90953829e-03   2.28386727e-07   1.92932556e-03
 1.25193296e+02   2.87378965e-01   2.46398452e-07   2.07830714e-03   2.48362353e-07   2.09807217e-03
 1.25251478e+02   2.87512521e-01   2.68143476e-07   2.26172078e-03   2.69969626e-07   2.28060232e-03
 1.25309660e+02   2.87646077e-01   2.90595063e-07   2.45109411e-03   2.92184422e-07   2.46826461e-03
 1.25367842e+02   2.87779633e-01   3.12661180e-07   2.63721609e-03   3.13926262e-07   2.65193153e-03
 1.25426024e+02   2.87913189e-01   3.33250519e-07   2.81088183e-03   3.34120877e-07   2.82252808e-03
 1.25484206e+02   2.88046745e-01   3.51337099e-07   2.96343745e-03   3.51763963e-07   2.97157026e-03
 1.25542388e+02   2.88180301e-01   3.66022619e-07   3.08730601e-03   3.65982400e-07   3.09168230e-03
 1.25600570e+02   2.88313856e-01   3.76592865e-07   3.17646330e-03   3.76089289e-07   3.17706150e-03
 1.25658752e+02   2.88447412e-01   3.82564704e-07   3.22683421e-03   3.81629404e-07   3.22386232e-03
 1.25716935e+02   2.88580968e-01   3.83720673e-07   3.23658451e-03   3.82412172e-07   3.23047485e-03
 1.25775117e+02   2.88714524e-01   3.80128816e-07   3.20628813e-03   3.78529910e-07   3.19767896e-03
 1.25833299e+02   2.88848080e-01   3.72146233e-07   3.13895711e-03   3.70359880e-07   3.12866160e-03
 1.25891481e+02   2.88981636e-01   3.60405712e-07   3.03992885e-03   3.58549622e-07   3.02889297e-03
 1.25949663e+02   2.89115192e-01   3.45785785e-07   2.91661356e-03   3.43985998e-07   2.90586492e-03
 1.26007845e+02   2.89248748e-01   3.29365544e-07   2.77811307e-03   3.27749320e-07   2.76870354e-03
 1.26066027e+02   2.89382304e-01   3.12366449e-07   2.63473011e-03   3.11054887e-07   2.62767522e-03
 1.26124209e+02   2.89515860e-01   2.96084215e-07   2.49739368e-03   2.95185004e-07   2.49361240e-03
 1.26182391e+02   2.89649416e-01   2.81814498e-07   2.37703231e-03   2.81415233e-07   2.37729053e-03
 1.26240573e+02   2.89782972e-01   2.70776577e-07   2.28393031e-03   2.70939038e-07   2.28879156e-03
 1.26298755e+02   2.89916528e-01   2.64039449e-07   2.22710438e-03   2.64795211e-07   2.23689080e-03
 1.26356937e+02   2.90050083e-01   2.62454749e-07   2.21373784e-03   2.63802412e-07   2.22850401e-03
 1.26415120e+02   2.90183639e-01   2.66600605e-07   2.24870706e-03   2.68504857e-07   2.26822850e-03
 1.26473302e+02   2.90317195e-01   2.76740042e-07   2.33423059e-03   2.79132663e-07   2.35800823e-03
 1.26531484e+02   2.90450751e-01   2.92796771e-07   2.46966495e-03   2.95579577e-07   2.49694560e-03
 1.26589666e+02   2.90584307e-01   3.14350279e-07   2.65146320e-03   3.17399902e-07   2.68127554e-03
 1.26647848e+02   2.90717863e-01   3.40651063e-07   2.87330351e-03   3.43825349e-07   2.90450782e-03
 1.26706030e+02   2.90851419e-01   3.70655702e-07   3.12638486e-03   3.73801396e-07   3.15773425e-03
 1.26764212e+02   2.90984975e-01   4.03080267e-07   3.39987767e-03   4.06041605e-07   3.43008746e-03
 1.26822394e+02   2.91118531e-01   4.36469508e-07   3.68150727e-03   4.39097228e-07   3.70932899e-03
 1.26880576e+02   2.91252087e-01   4.69278203e-07   3.95824012e-03   4.71438494e-07   3.98253589e-03
 1.26938758e+02   2.91385643e-01   4.99960283e-07   4.21703553e-03   5.01543135e-07   4.23684863e-03
 1.26996940e+02   2.91519199e-01   5.27060737e-07   4.44562084e-03   5.27987220e-07   4.46023836e-03
 1.27055122e+02   2.91652755e-01   5.49305004e-07   4.63324547e-03   5.49533004e-07   4.64224907e-03
 1.27113305e+02   2.91786311e-01   5.65680539e-07   4.77136886e-03   5.65208594e-07   4.77467059e-03
 1.27171487e+02   2.91919866e-01   5.75505533e-07   4.85424014e-03   5.74374484e-07   4.85210060e-03
 1.27229669e+02   2.92053422e-01   5.78480369e-07   4.87933211e-03   5.76772661e-07   4.87235950e-03
 1.27287851e+02   2.92186978e-01   5.74718259e-07   4.84759969e-03   5.72554870e-07   4.83672918e-03
 1.27346033e+02   2.92320534e-01   5.64752610e-07   4.76354202e-03   5.62287701e-07   4.74999598e-03
 1.27404215e+02   2.92454090e-01   5.49519944e-07   4.63505843e-03   5.46933469e-07   4.62028918e-03
 1.27462397e+02   2.92587646e-01   5.30318591e-07   4.47309999e-03   5.27807228e-07   4.45871785e-03
 1.27520579e+02   2.92721202e-01   5.08744783e-07   4.29113050e-03   5.06511638e-07   4.27882068e-03
 1.27578761e+02   2.92854758e-01   4.86609137e-07   4.10442207e-03   4.84852785e-07   4.09585480e-03
 1.27636943e+02   2.92988314e-01   4.65837790e-07   3.92922113e-03   4.64741237e-07   3.92595997e-03
 1.27695125e+02   2.93121870e-01   4.48363426e-07   3.78182939e-03   4.48083628e-07   3.78524273e-03
 1.27753307e+02   2.93255426e-01   4.36012248e-07   3.67765041e-03   4.36670792e-07   3.68883137e-03
 1.27811490e+02   2.93388982e-01   4.30393373e-07   3.63025665e-03   4.32068880e-07   3.64995613e-03
 1.27869672e+02   2.93522538e-01   4.32797174e-07   3.65053209e-03   4.35519907e-07   3.67910912e-03
 1.27927854e+02   2.93656093e-01   4.44108860e-07   3.74594323e-03   4.47857913e-07   3.78333597e-03
 1.27986036e+02   2.93789649e-01   4.64742861e-07   3.91998569e-03   4.69446148e-07   3.96570530e-03
 1.28044218e+02   2.93923205e-01   4.94602597e-07   4.17184482e-03   5.00139746e-07   4.22499333e-03
 1.28102400e+02   2.94056761e-01   5.33068907e-07   4.49629819e-03   5.39276962e-07   4.55560987e-03
 1.28160582e+02   2.94190317e-01   5.79018856e-07   4.88387411e-03   5.85700554e-07   4.94777900e-03
 1.28218764e+02   2.94323873e-01   6.30874928e-07   5.32126666e-03   6.37809167e-07   5.38797305e-03
 1.28276946e+02   2.94457429e-01   6.86682902e-07   5.79199246e-03   6.93636860e-07   5.85958450e-03
 1.28335128e+02   2.94590985e-01   7.44214915e-07   6.27726009e-03   7.50957199e-07   6.34380527e-03
 1.28393310e+02   2.94724541e-01   8.01092706e-07   6.75700953e-03   8.07406814e-07   6.82067047e-03
 1.28451492e+02   2.94858097e-01   8.54924613e-07   7.21106773e-03   8.60621968e-07   7.27021218e-03
 1.28509675e+02   2.94991653e-01   9.03448926e-07   7.62035774e-03   9.08380742e-07   7.67366042e-03
 1.28567857e+02   2.95125209e-01   9.44675487e-07   7.96809311e-03   9.48742772e-07   8.01462374e-03
 1.28626039e+02   2.95258765e-01   9.77017279e-07   8.24088775e-03   9.80178379e-07   8.28017997e-03
 1.28684221e+02   2.95392321e-01   9.99403973e-07   8.42971372e-03   1.00167917e-06   8.46181057e-03
 1.28742403e+02   2.95525876e-01   1.01137013e-06   8.53064517e-03   1.01284297e-06   8.55611821e-03
 1.28800585e+02   2.95659432e-01   1.01311197e-06   8.54533708e-03   1.01392721e-06   8.56527749e-03
 1.28858767e+02   2.95792988e-01   1.00550808e-06   8.48120029e-03   1.00586631e-06   8.49718200e-03
 1.28916949e+02   2.95926544e-01   9.90101585e-07   8.35125049e-03   9.90250672e-07   8.36526693e-03
 1.28975131e+02   2.96060100e-01   9.69042985e-07   8.17362665e-03   9.69266959e-07   8.18800438e-03
 1.29033313e+02   2.96193656e-01   9.44995609e-07   7.97079326e-03   9.45601452e-07   7.98808704e-03
 1.29091495e+02   2.96327212e-01   9.21007455e-07   7.76845939e-03   9.22310599e-07   7.79133463e-03
 1.29149677e+02   2.96460768e-01   9.00355494e-07   7.59426544e-03   9.02664860e-07   7.62537479e-03
 1.29207860e+02   2.96594324e-01   8.86370281e-07   7.47630380e-03   8.89973764e-07   7.51816516e-03
 1.29266042e+02   2.96727880e-01   8.82250203e-07   7.44155200e-03   8.87401479e-07   7.49643545e-03
 1.29324224e+02   2.96861436e-01   8.90875663e-07   7.51430553e-03   8.97783183e-07   7.58413621e-03
 1.29382406e+02   2.96994992e-01   9.14633998e-07   7.71470092e-03   9.23452895e-07   7.80098432e-03
 1.29440588e+02   2.97128548e-01   9.55265733e-07   8.05741909e-03   9.66093230e-07   8.16119391e-03
 1.29498770e+02   2.97262104e-01   1.01374208e-06   8.55065194e-03   1.02661679e-06   8.67247424e-03
 1.29556952e+02   2.97395659e-01   1.09018221e-06   9.19540464e-03   1.10508746e-06   9.33536511e-03
 1.29615134e+02   2.97529215e-01   1.18381695e-06   9.98518941e-03   1.20068812e-06   1.01429637e-02
 1.29673316e+02   2.97662771e-01   1.29300324e-06   1.09061475e-02   1.31173870e-06   1.10810774e-02
 1.29731498e+02   2.97796327e-01   1.41529099e-06   1.19376130e-02   1.43576606e-06   1.21288141e-02
 1.29789680e+02   2.97929883e-01   1.54754098e-06   1.30531074e-02   1.56962413e-06   1.32595970e-02
 1.29847862e+02   2.98063439e-01   1.68608964e-06   1.42217295e-02   1.70965999e-06   1.44425675e-02
 1.29906044e+02   2.98196995e-01   1.82695360e-06   1.54098806e-02   1.85191844e-06   1.56443136e-02
 1.29964227e+02   2.98330551e-01   1.96606425e-06   1.65832428e-02   1.99237547e-06   1.68308420e-02
 1.30022409e+02   2.98464107e-01   2.09952041e-06   1.77089110e-02   2.12718870e-06   1.79696937e-02
 1.30080591e+02   2.98597663e-01   2.22384584e-06   1.87575638e-02   2.25295128e-06   1.90320890e-02
 1.30138773e+02   2.98731219e-01   2.33623680e-06   1.97055525e-02   2.36693509e-06   1.99949815e-02
 1.30196955e+02   2.98864775e-01   2.43478553e-06   2.05367854e-02   2.46730878e-06   2.08429008e-02
 1.30255137e+02   2.98998331e-01   2.51866531e-06   2.12442897e-02   2.55331709e-06   2.15694668e-02
 1.30313319e+02   2.99131886e-01   2.58826502e-06   2.18313452e-02   2.62540919e-06   2.21784739e-02
 1.30371501e+02   2.99265442e-01   2.64526262e-06   2.23121052e-02   2.68530627e-06   2.26844620e-02
 1.30429683e+02   2.99398998e-01   2.69263054e-06   2.27116413e-02   2.73600140e-06   2.31127155e-02
 1.30487865e+02   2.99532554e-01   2.73456905e-06   2.30653818e-02   2.78168823e-06   2.34986607e-02
 1.30546047e+02   2.99666110e-01   2.77636774e-06   2.34179429e-02   2.82761899e-06   2.38866666e-02
 1.30604229e+02   2.99799666e-01   2.82419926e-06   2.38213894e-02   2.87989639e-06   2.43282865e-02
 1.30662412e+02   2.99933222e-01   2.88485382e-06   2.43329949e-02   2.94520775e-06   2.48800124e-02
 1.30720594e+02   3.00066778e-01   2.96542646e-06   2.50126043e-02   3.03051410e-06   2.56006485e-02
 1.30778776e+02   3.00200334e-01   3.07297293e-06   2.59197310e-02   3.14270966e-06   2.65484346e-02
 1.30836958e+02   3.00333890e-01   3.21415253e-06   2.71105443e-02   3.28827035e-06   2.77780768e-02
 1.30895140e+02   3.00467446e-01   3.39487836e-06   2.86349199e-02   3.47291151e-06   2.93378562e-02
 1.30953322e+02   3.00601002e-01   3.61999639e-06   3.05337322e-02   3.70127598e-06   3.12669938e-02
 1.31011504e+02   3.00734558e-01   3.89301454e-06   3.28365696e-02   3.97667351e-06   3.35934489e-02
 1.31069686e+02   3.00868114e-01   4.21590173e-06   3.55600394e-02   4.30089084e-06   3.63323156e-02
 1.31127868e+02   3.01001669e-01   4.58897436e-06   3.87068104e-02   4.67408968e-06   3.94849597e-02
 1.31186050e+02   3.01135225e-01   5.01088425e-06   4.22655111e-02   5.09480573e-06   4.30390114e-02
 1.31244232e+02   3.01268781e-01   5.47871731e-06   4.62115618e-02   5.56005777e-06   4.69692864e-02
 1.31302414e+02   3.01402337e-01   5.98820720e-06   5.05089771e-02   6.06557019e-06   5.12396660e-02
 1.31360597e+02   3.01535893e-01   6.53406208e-06   5.51131217e-02   6.60610670e-06   5.58059161e-02
 1.31418779e+02   3.01669449e-01   7.11039634e-06   5.99743519e-02   7.17590664e-06   6.06193727e-02
 1.31476961e+02   3.01803005e-01   7.71125323e-06   6.50424242e-02   7.76920918e-06   6.56313704e-02
 1.31535143e+02   3.01936561e-01   8.33119803e-06   7.02714980e-02   8.38084490e-06   7.07982400e-02
 1.31593325e+02   3.02070117e-01   8.96595622e-06   7.56255190e-02   9.00686916e-06   7.60866585e-02
 1.31651507e+02   3.02203673e-01   9.61306675e-06   8.10837287e-02   9.64520697e-06   8.14790973e-02
 1.31709689e+02   3.02337229e-01   1.02725170e-05   8.66460208e-02   1.02962764e-05   8.69790885e-02
 1.31767871e+02   3.02470785e-01   1.09473244e-05   9.23378466e-02   1.09635559e-05   9.26160157e-02
 1.31826053e+02   3.02604341e-01   1.16440293e-05   9.82143723e-02   1.16540597e-05   9.84491330e-02
 1.31884235e+02   3.02737896e-01   1.23730650e-05   1.04363599e-01   1.23786889e-05   1.04570530e-01
 1.31942417e+02   3.02871452e-01   1.31489735e-05   1.10908187e-01   1.31524276e-05   1.11106784e-01
 1.32000599e+02   3.03005008e-01   1.39904420e-05   1.18005756e-01   1.39943575e-05   1.18219093e-01
 1.32058782e+02   3.03138564e-01   1.49201386e-05   1.25847505e-01   1.49274740e-05   1.26101712e-01
 1.32116964e+02   3.03272120e-01   1.59643355e-05   1.34655036e-01   1.59782905e-05   1.34978616e-01
 1.32175146e+02   3.03405676e-01   1.71523166e-05   1.44675349e-01   1.71762282e-05   1.45098345e-01
 1.32233328e+02   3.03539232e-01   1.85155736e-05   1.56174069e-01   1.85527992e-05   1.56727102e-01
 1.32291510e+02   3.03672788e-01   2.00868069e-05   1.69427015e-01   2.01405970e-05   1.70140223e-01
 1.32349692e+02   3.03806344e-01   2.18987561e-05   1.84710337e-01   2.19721207e-05   1.85612249e-01
 1.32407874e+02   3.03939900e-01   2.39828931e-05   2.02289493e-01   2.40784680e-05   2.03405883e-01
 1.32466056e+02   3.04073456e-01   2.63680207e-05   2.22407426e-01   2.64879376e-05   2.23760180e-01
 1.32524238e+02   3.04207012e-01   2.90788246e-05   2.45272355e-01   2.92245910e-05   2.46878403e-01
 1.32582420e+02   3.04340568e-01   3.21344340e-05   2.71045630e-01   3.23068269e-05   2.72915978e-01
 1.32640602e+02   3.04474124e-01   3.55470460e-05   2.99830128e-01   3.57460260e-05   3.01969044e-01
 1.32698784e+02   3.04607679e-01   3.93206722e-05   3.31659688e-01   3.95453206e-05   3.34064063e-01
 1.32756967e+02   3.04741235e-01   4.34500652e-05   3.66490049e-01   4.36985484e-05   3.69148976e-01
 1.32815149e+02   3.04874791e-01   4.79198755e-05   4.04191741e-01   4.81894389e-05   4.07086338e-01
 1.32873331e+02   3.05008347e-01   5.27040864e-05   4.44545321e-01   5.29910800e-05   4.47648804e-01
 1.32931513e+02   3.05141903e-01   5.77657648e-05   4.87239267e-01   5.80657001e-05   4.90517295e-01
 1.32989695e+02   3.05275459e-01   6.30571563e-05   5.31870785e-01   6.33647941e-05   5.35282057e-01
 1.33047877e+02   3.05409015e-01   6.85201401e-05   5.77949638e-01   6.88296075e-05   5.81446755e-01
 1.33106059e+02   3.05542571e-01   7.40870479e-05   6.24905064e-01   7.43919813e-05   6.28435606e-01
 1.33164241e+02   3.05676127e-01   7.96818372e-05   6.72095663e-01   7.99755466e-05   6.75603476e-01
 1.33222423e+02   3.05809683e-01   8.52215949e-05   7.18822085e-01   8.54972454e-05   7.22248720e-01
 1.33280605e+02   3.05943239e-01   9.06183363e-05   7.64342201e-01   9.08691398e-05   7.67628472e-01
 1.33338787e+02   3.06076795e-01   9.57810497e-05   8.07888352e-01   9.60004620e-05   8.10975961e-01
 1.33396969e+02   3.06210351e-01   1.00617930e-04   8.48686182e-01   1.00799844e-04   8.51519345e-01
 1.33455152e+02   3.06343907e-01   1.05038729e-04   8.85974482e-01   1.05177663e-04   8.88501522e-01
 1.33513334e+02   3.06477462e-01   1.08957160e-04   9.19025427e-01   1.09048424e-04   9.21200260e-01
 1.33571516e+02   3.06611018e-01   1.12293258e-04   9.47164552e-01   1.12333107e-04   9.48948027e-01
 1.33629698e+02   3.06744574e-01   1.14975647e-04   9.69789813e-01   1.14961399e-04   9.71150855e-01
 1.33687880e+02   3.06878130e-01   1.16943612e-04   9.86389082e-01   1.16873740e-04   9.87305596e-01
 1.33746062e+02   3.07011686e-01   1.18148912e-04   9.96555477e-01   1.18023103e-04   9.97014988e-01
 1.33804244e+02   3.07145242e-01   1.18557285e-04   1.00000000e+00   1.18376458e-04   1.00000000e+00
 1.33862426e+02   3.07278798e-01   1.18149569e-04   9.96561018e-01   1.17915857e-04   9.96109013e-01
 1.33920608e+02   3.07412354e-01   1.16922410e-04   9.86210249e-01   1.16639106e-04   9.85323502e-01
 1.33978790e+02   3.07545910e-01   1.14888532e-04   9.69055017e-01   1.14560001e-04   9.67759998e-01
 1.34036972e+02   3.07679466e-01   1.12076549e-04   9.45336665e-01   1.11708103e-04   9.43668228e-01
 1.34095154e+02   3.07813022e-01   1.08530323e-04   9.15425168e-01   1.08128073e-04   9.13425482e-01
 1.34153337e+02   3.07946578e-01   1.04307894e-04   8.79810075e-01   1.03878580e-04   8.77527353e-01
 1.34211519e+02   3.08080134e-01   9.94800063e-05   8.39088093e-01   9.90308042e-05   8.36575157e-01
 1.34269701e+02   3.08213689e-01   9.41282821e-05   7.93947685e-01   9.36666064e-05   7.91260422e-01
 1.34327883e+02   3.08347245e-01   8.83431006e-05   7.45151177e-01   8.78764012e-05   7.42346937e-01
 1.34386065e+02   3.08480801e-01   8.22212515e-05   6.93514966e-01   8.17568142e-05   6.90650957e-01
 1.34444247e+02   3.08614357e-01   7.58634396e-05   6.39888468e-01   7.54081961e-05   6.37020208e-01
 1.34502429e+02   3.08747913e-01   6.93717190e-05   5.85132486e-01   6.89320738e-05   5.82312351e-01
 1.34560611e+02   3.08881469e-01   6.28469403e-05   5.30097667e-01   6.24286186e-05   5.27373597e-01
 1.34618793e+02   3.09015025e-01   5.63862908e-05   4.75603762e-01   5.59942126e-05   4.73018144e-01
 1.34676975e+02   3.09148581e-01   5.00810031e-05   4.22420293e-01   4.97191866e-05   4.20009074e-01
 1.34735157e+02   3.09282137e-01   4.40143013e-05   3.71249234e-01   4.36857989e-05   3.69041273e-01
 1.34793339e+02   3.09415693e-01   3.82596449e-05   3.22710197e-01   3.79665110e-05   3.20726870e-01
 1.34851521e+02   3.09549249e-01   3.28793169e-05   2.77328524e-01   3.26226095e-05   2.75583591e-01
 1.34909704e+02   3.09682805e-01   2.79233921e-05   2.35526581e-01   2.77032058e-05   2.34026311e-01
 1.34967886e+02   3.09816361e-01   2.34291062e-05   1.97618444e-01   2.32446343e-05   1.96361968e-01
 1.35026068e+02   3.09949917e-01   1.94206316e-05   1.63807999e-01   1.92702535e-05   1.62787887e-01
 1.35084250e+02   3.10083472e-01   1.59092527e-05   1.34190427e-01   1.57906435e-05   1.33393444e-01
 1.35142432e+02   3.10217028e-01   1.28939181e-05   1.08756860e-01   1.28041744e-05   1.08164871e-01
 1.35200614e+02   3.10350584e-01   1.03621365e-05   8.74019379e-02   1.02979135e-05   8.69929182e-02
 1.35258796e+02   3.10484140e-01   8.29117104e-06   6.99338808e-02   8.24882574e-06   6.96829915e-02
 1.35316978e+02   3.10617696e-01   6.64947762e-06   5.60866218e-02   6.62521165e-06   5.59673076e-02
 1.35375160e+02   3.10751252e-01   5.39832740e-06   4.55334937e-02   5.38832562e-06   4.55185575e-02
 1.35433342e+02   3.10884808e-01   4.49354898e-06   3.79019221e-02   4.49410789e-06   3.79645409e-02
 1.35491524e+02   3.11018364e-01   3.88732406e-06   3.27885719e-02   3.89496639e-06   3.29032178e-02
 1.35549706e+02   3.11151920e-01   3.52997188e-06   2.97743987e-02   3.54154373e-06   2.99176355e-02
 1.35607889e+02   3.11285476e-01   3.37166101e-06   2.84390876e-02   3.38440910e-06   2.85902210e-02
 1.35666071e+02   3.11419032e-01   3.36399301e-06   2.83744099e-02   3.37562020e-06   2.85159756e-02
 1.35724253e+02   3.11552588e-01   3.46140963e-06   2.91960939e-02   3.47010824e-06   2.93141752e-02
 1.35782435e+02   3.11686144e-01   3.62238497e-06   3.05538792e-02   3.62684800e-06   3.06382540e-02
 1.35840617e+02   3.11819699e-01   3.81037367e-06   3.21395152e-02   3.80978512e-06   3.21836383e-02
 1.35898799e+02   3.11953255e-01   3.99449752e-06   3.36925522e-02   3.98850374e-06   3.36933863e-02
 1.35956981e+02   3.12086811e-01   4.14996364e-06   3.50038686e-02   4.13862826e-06   3.49615821e-02
 1.36015163e+02   3.12220367e-01   4.25821830e-06   3.59169687e-02   4.24196394e-06   3.58345232e-02
 1.36073345e+02   3.12353923e-01   4.30685055e-06   3.63271691e-02   4.28639071e-06   3.62098239e-02
 1.36131527e+02   3.12487479e-01   4.28926859e-06   3.61788699e-02   4.26553348e-06   3.60336298e-02
 1.36189709e+02   3.12621035e-01   4.20417966e-06   3.54611668e-02   4.17823964e-06   3.52962042e-02
 1.36247891e+02   3.12754591e-01   4.05490985e-06   3.42021145e-02   4.02790008e-06   3.40261919e-02
 1.36306074e+02   3.12888147e-01   3.84860446e-06   3.24619820e-02   3.82165402e-06   3.22839023e-02
 1.36364256e+02   3.13021703e-01   3.59535172e-06   3.03258607e-02   3.56951998e-06   3.01539684e-02
 1.36422438e+02   3.13155259e-01   3.30727259e-06   2.78959879e-02   3.28349538e-06   2.77377397e-02
 1.36480620e+02   3.13288815e-01   2.99761832e-06   2.52841343e-02   2.97666540e-06   2.51457548e-02
 1.36538802e+02   3.13422371e-01   2.67991356e-06   2.26043769e-02   2.66235862e-06   2.24906089e-02
 1.36596984e+02   3.13555927e-01   2.36717873e-06   1.99665396e-02   2.35338235e-06   1.98804930e-02
 1.36655166e+02   3.13689482e-01   2.07125888e-06   1.74705323e-02   2.06136420e-06   1.74136330e-02
 1.36713348e+02   3.13823038e-01   1.80228030e-06   1.52017676e-02   1.79622065e-06   1.51737996e-02
 1.36771530e+02   3.13956594e-01   1.56824811e-06   1.32277667e-02   1.56576529e-06   1.32269990e-02
 1.36829712e+02   3.14090150e-01   1.37479155e-06   1.15960108e-02   1.37546298e-06   1.16193963e-02
 1.36887894e+02   3.14223706e-01   1.22505586e-06   1.03330289e-02   1.22832860e-06   1.03764601e-02
 1.36946076e+02   3.14357262e-01   1.11973335e-06   9.44466083e-03   1.12496274e-06   9.50326409e-03
 1.37004259e+02   3.14490818e-01   1.05722030e-06   8.91737950e-03   1.06371085e-06   8.98583103e-03
 1.37062441e+02   3.14624374e-01   1.03388132e-06   8.72052120e-03   1.04092751e-06   8.79336592e-03
 1.37120623e+02   3.14757930e-01   1.04439907e-06   8.80923570e-03   1.05132410e-06   8.88119236e-03
 1.37178805e+02   3.14891486e-01   1.08218505e-06   9.12795064e-03   1.08837540e-06   9.19418788e-03
 1.37236987e+02   3.15025042e-01   1.13982556e-06   9.61413344e-03   1.14476002e-06   9.67050406e-03
 1.37295169e+02   3.15158598e-01   1.20953750e-06   1.02021356e-02   1.21280932e-06   1.02453591e-02
 1.37353351e+02   3.15292154e-01   1.28360974e-06   1.08269157e-02   1.28494124e-06   1.08547025e-02
 1.37411533e+02   3.15425710e-01   1.35480833e-06   1.14274575e-02   1.35405763e-06   1.14385719e-02
 1.37469715e+02   3.15559265e-01   1.41672729e-06   1.19497278e-02   1.41388725e-06   1.19439901e-02
 1.37527897e+02   3.15692821e-01   1.46407033e-06   1.23490541e-02   1.45926026e-06   1.23272844e-02
 1.37586079e+02   3.15826377e-01   1.49285388e-06   1.25918359e-02   1.48630486e-06   1.25557470e-02
 1.37644261e+02   3.15959933e-01   1.50052594e-06   1.26565477e-02   1.49256090e-06   1.26085957e-02
 1.37702444e+02   3.16093489e-01   1.48600032e-06   1.25340279e-02   1.47701029e-06   1.24772299e-02
 1.37760626e+02   3.16227045e-01   1.44961010e-06   1.22270858e-02   1.44002803e-06   1.21648177e-02
 1.37818808e+02   3.16360601e-01   1.39298784e-06   1.17494917e-02   1.38326172e-06   1.16852771e-02
 1.37876990e+02   3.16494157e-01   1.31888393e-06   1.11244445e-02   1.30945048e-06   1.10617474e-02
 1.37935172e+02   3.16627713e-01   1.23093634e-06   1.03826293e-02   1.22219685e-06   1.03246614e-02
 1.37993354e+02   3.16761269e-01   1.13340725e-06   9.55999668e-03   1.12570670e-06   9.50954873e-03
 1.38051536e+02   3.16894825e-01   1.03090266e-06   8.69539700e-03   1.02451305e-06   8.65470269e-03
 1.38109718e+02   3.17028381e-01   9.28090897e-07   7.82820638e-03   9.23199566e-07   7.79884429e-03
 1.38167900e+02   3.17161937e-01   8.29435285e-07   6.99607185e-03   8.26138521e-07   6.97890892e-03
 1.38226082e+02   3.17295492e-01   7.38954456e-07   6.23288949e-03   7.37256523e-07   6.22806708e-03
 1.38284264e+02   3.17429048e-01   6.60021547e-07   5.56711083e-03   6.59838905e-07   5.57407203e-03
 1.38342446e+02   3.17562604e-01   5.95210894e-07   5.02044976e-03   5.96381118e-07   5.03800440e-03
 1.38400629e+02   3.17696160e-01   5.46197766e-07   4.60703671e-03   5.48492435e-07   4.63345874e-03
 1.38458811e+02   3.17829716e-01   5.13713542e-07   4.33304070e-03   5.16854214e-07   4.36619090e-03
 1.38516993e+02   3.17963272e-01   4.97555678e-07   4.19675330e-03   5.01231899e-07   4.23421942e-03
 1.38575175e+02   3.18096828e-01   4.96648861e-07   4.18910453e-03   5.00537123e-07   4.22835021e-03
 1.38633357e+02   3.18230384e-01   5.09151210e-07   4.29455862e-03   5.12933770e-07   4.33307245e-03
 1.38691539e+02   3.18363940e-01   5.32597308e-07   4.49232037e-03   5.35979813e-07   4.52775679e-03
 1.38749721e+02   3.18497496e-01   5.64068231e-07   4.75776946e-03   5.66795238e-07   4.78807396e-03
 1.38807903e+02   3.18631052e-01   6.00377874e-07   5.06403190e-03   6.02245478e-07   5.08754432e-03
 1.38866085e+02   3.18764608e-01   6.38264456e-07   5.38359541e-03   6.39129468e-07   5.39912646e-03
 1.38924267e+02   3.18898164e-01   6.74576435e-07   5.68987755e-03   6.74361737e-07   5.69675548e-03
 1.38982449e+02   3.19031720e-01   7.06442872e-07   5.95866269e-03   7.05138822e-07   5.95674877e-03
 1.39040631e+02   3.19165275e-01   7.31419641e-07   6.16933527e-03   7.29081609e-07   6.15900847e-03
 1.39098814e+02   3.19298831e-01   7.47604608e-07   6.30585128e-03   7.44346956e-07   6.28796441e-03
 1.39156996e+02   3.19432387e-01   7.53716942e-07   6.35740723e-03   7.49703933e-07   6.33321814e-03
 1.39215178e+02   3.19565943e-01   7.49137914e-07   6.31878432e-03   7.44572175e-07   6.28986697e-03
 1.39273360e+02   3.19699499e-01   7.33912772e-07   6.19036418e-03   7.29022071e-07   6.15850552e-03
 1.39331542e+02   3.19833055e-01   7.08715420e-07   5.97783104e-03   7.03738571e-07   5.94491998e-03
 1.39389724e+02   3.19966611e-01   6.74779628e-07   5.69159143e-03   6.69952337e-07   5.65950651e-03
 1.39447906e+02   3.20100167e-01   6.33802128e-07   5.34595683e-03   6.29343587e-07   5.31645900e-03
 1.39506088e+02   3.20233723e-01   5.87824276e-07   4.95814555e-03   5.83925233e-07   4.93278175e-03
 1.39564270e+02   3.20367279e-01   5.39099833e-07   4.54716749e-03   5.35912749e-07   4.52719026e-03
 1.39622452e+02   3.20500835e-01   4.89956856e-07   4.13265920e-03   4.87588621e-07   4.11896612e-03
 1.39680634e+02   3.20634391e-01   4.42661637e-07   3.73373628e-03   4.41169160e-07   3.72683189e-03
 1.39738816e+02   3.20767947e-01   3.99292204e-07   3.36792634e-03   3.98681017e-07   3.36790797e-03
 1.39796999e+02   3.20901503e-01   3.61628001e-07   3.05023855e-03   3.61853843e-07   3.05680579e-03
 1.39855181e+02   3.21035058e-01   3.31061219e-07   2.79241565e-03   3.32034396e-07   2.80490227e-03
 1.39913363e+02   3.21168614e-01   3.08533792e-07   2.60240264e-03   3.10125966e-07   2.61982805e-03
 1.39971545e+02   3.21302170e-01   2.94502498e-07   2.48405231e-03   2.96555431e-07   2.50518925e-03
 1.40029727e+02   3.21435726e-01   2.88932920e-07   2.43707436e-03   2.91268605e-07   2.46052813e-03
 1.40087909e+02   3.21569282e-01   2.91321406e-07   2.45722063e-03   2.93752967e-07   2.48151508e-03
 1.40146091e+02   3.21702838e-01   3.00742645e-07   2.53668633e-03   3.03085343e-07   2.56035150e-03
 1.40204273e+02   3.21836394e-01   3.15919114e-07   2.66469592e-03   3.18000856e-07   2.68635217e-03
 1.40262455e+02   3.21969950e-01   3.35307644e-07   2.82823315e-03   3.36978392e-07   2.84666729e-03
 1.40320637e+02   3.22103506e-01   3.57197521e-07   3.01286859e-03   3.58337117e-07   3.02709780e-03
 1.40378819e+02   3.22237062e-01   3.79814172e-07   3.20363419e-03   3.80338183e-07   3.21295458e-03
 1.40437001e+02   3.22370618e-01   4.01422370e-07   3.38589375e-03   4.01285693e-07   3.38991129e-03
 1.40495183e+02   3.22504174e-01   4.20423175e-07   3.54616062e-03   4.19621266e-07   3.54480335e-03
 1.40553366e+02   3.22637730e-01   4.35439400e-07   3.67281858e-03   4.34007143e-07   3.66632986e-03
 1.40611548e+02   3.22771285e-01   4.45385222e-07   3.75670902e-03   4.43393580e-07   3.74562296e-03
 1.40669730e+02   3.22904841e-01   4.49516635e-07   3.79155642e-03   4.47067338e-07   3.77665749e-03
 1.40727912e+02   3.23038397e-01   4.47460604e-07   3.77421432e-03   4.44679255e-07   3.75648386e-03
 1.40786094e+02   3.23171953e-01   4.39222094e-07   3.70472463e-03   4.36250132e-07   3.68527779e-03
 1.40844276e+02   3.23305509e-01   4.25169399e-07   3.58619378e-03   4.22155409e-07   3.56621084e-03
 1.40902458e+02   3.23439065e-01   4.05999386e-07   3.42449969e-03   4.03090282e-07   3.40515578e-03
 1.40960640e+02   3.23572621e-01   3.82685373e-07   3.22785203e-03   3.80017958e-07   3.21024943e-03
 1.41018822e+02   3.23706177e-01   3.56411203e-07   3.00623620e-03   3.54104577e-07   2.99134289e-03
 1.41077004e+02   3.23839733e-01   3.28495745e-07   2.77077654e-03   3.26644969e-07   2.75937441e-03
 1.41135186e+02   3.23973289e-01   3.00312437e-07   2.53305764e-03   2.98983775e-07   2.52570299e-03
 1.41193368e+02   3.24106845e-01   2.73208595e-07   2.30444375e-03   2.72436558e-07   2.30144204e-03
 1.41251551e+02   3.24240401e-01   2.48429061e-07   2.09543480e-03   2.48215372e-07   2.09683053e-03
 1.41309733e+02   3.24373957e-01   2.27048371e-07   1.91509422e-03   2.27362847e-07   1.92067621e-03
 1.41367915e+02   3.24507513e-01   2.09914987e-07   1.77057856e-03   2.10698230e-07   1.77989976e-03
 1.41426097e+02   3.24641068e-01   1.97610328e-07   1.66679195e-03   1.98778018e-07   1.67920228e-03
 1.41484279e+02   3.24774624e-01   1.90424431e-07   1.60618077e-03   1.91872929e-07   1.62087066e-03
 1.41542461e+02   3.24908180e-01   1.88349049e-07   1.58867545e-03   1.89961943e-07   1.60472738e-03
 1.41600643e+02   3.25041736e-01   1.91087988e-07   1.61177769e-03   1.92743194e-07   1.62822234e-03
 1.41658825e+02   3.25175292e-01   1.98083530e-07   1.67078328e-03   1.99660500e-07   1.68665715e-03
 1.41717007e+02   3.25308848e-01   2.08556893e-07   1.75912338e-03   2.09943538e-07   1.77352441e-03
 1.41775189e+02   3.25442404e-01   2.21559976e-07   1.86880102e-03   2.22658898e-07   1.88093901e-03
 1.41833371e+02   3.25575960e-01   2.36035077e-07   1.99089475e-03   2.36768778e-07   2.00013399e-03
 1.41891553e+02   3.25709516e-01   2.50878931e-07   2.11609882e-03   2.51193726e-07   2.12199055e-03
 1.41949736e+02   3.25843072e-01   2.65007283e-07   2.23526780e-03   2.64875728e-07   2.23757098e-03
 1.42007918e+02   3.25976628e-01   2.77416308e-07   2.33993472e-03   2.76838053e-07   2.33862422e-03
 1.42066100e+02   3.26110184e-01   2.87237494e-07   2.42277388e-03   2.86238537e-07   2.41803599e-03
 1.42124282e+02   3.26243740e-01   2.93783051e-07   2.47798396e-03   2.92413500e-07   2.47019977e-03
 1.42182464e+02   3.26377295e-01   2.96579576e-07   2.50157192e-03   2.94910075e-07   2.49128990e-03
 1.42240646e+02   3.26510851e-01   2.95388417e-07   2.49152481e-03   2.93505485e-07   2.47942445e-03
 1.42298828e+02   3.26644407e-01   2.90211986e-07   2.44786296e-03   2.88212562e-07   2.43471182e-03
 1.42357010e+02   3.26777963e-01   2.81286096e-07   2.37257538e-03   2.79271632e-07   2.35918219e-03
 1.42415192e+02   3.26911519e-01   2.69059188e-07   2.26944458e-03   2.67129634e-07   2.25661114e-03
 1.42473374e+02   3.27045075e-01   2.54160026e-07   2.14377401e-03   2.52408065e-07   2.13224883e-03
 1.42531556e+02   3.27178631e-01   2.37356056e-07   2.00203687e-03   2.35861908e-07   1.99247309e-03
 1.42589738e+02   3.27312187e-01   2.19505077e-07   1.85146848e-03   2.18332160e-07   1.84438835e-03
 1.42647921e+02   3.27445743e-01   2.01503182e-07   1.69962716e-03   2.00694865e-07   1.69539508e-03
 1.42706103e+02   3.27579299e-01   1.84232060e-07   1.55394972e-03   1.83809648e-07   1.55275509e-03
 1.42764285e+02   3.27712855e-01   1.68508665e-07   1.42132695e-03   1.68470728e-07   1.42317764e-03
 1.42822467e+02   3.27846411e-01   1.55040081e-07   1.30772293e-03   1.55363104e-07   1.31244934e-03
 1.42880649e+02   3.27979967e-01   1.44385985e-07   1.21785839e-03   1.45026290e-07   1.22512780e-03
 1.42938831e+02   3.28113523e-01   1.36930652e-07   1.15497459e-03   1.37827433e-07   1.16431455e-03
 1.42997013e+02   3.28247078e-01   1.32865814e-07   1.12068874e-03   1.33945096e-07   1.13151802e-03
 1.43055195e+02   3.28380634e-01   1.32185051e-07   1.11494667e-03   1.33364307e-07   1.12661173e-03
 1.43113377e+02   3.28514190e-01   1.34689698e-07   1.13607272e-03   1.35882854e-07   1.14788748e-03
 1.43171559e+02   3.28647746e-01   1.40005619e-07   1.18091115e-03   1.41128139e-07   1.19219768e-03
 1.43229741e+02   3.28781302e-01   1.47609572e-07   1.24504852e-03   1.48583326e-07   1.25517631e-03
 1.43287923e+02   3.28914858e-01   1.56863391e-07   1.32310208e-03   1.57621042e-07   1.33152355e-03
 1.43346106e+02   3.29048414e-01   1.67053821e-07   1.40905572e-03   1.67542475e-07   1.41533610e-03
 1.43404288e+02   3.29181970e-01   1.77435567e-07   1.49662306e-03   1.77619495e-07   1.50046299e-03
 1.43462470e+02   3.29315526e-01   1.87274999e-07   1.57961612e-03   1.87137303e-07   1.58086587e-03
 1.43520652e+02   3.29449082e-01   1.95892002e-07   1.65229831e-03   1.95435147e-07   1.65096295e-03
 1.43578834e+02   3.29582638e-01   2.02697625e-07   1.70970198e-03   2.01942835e-07   1.70593746e-03
 1.43637016e+02   3.29716194e-01   2.07225481e-07   1.74789327e-03   2.06211058e-07   1.74199381e-03
 1.43695198e+02   3.29849750e-01   2.09155271e-07   1.76417055e-03   2.07933963e-07   1.75654827e-03
 1.43753380e+02   3.29983306e-01   2.08327292e-07   1.75718676e-03   2.06962886e-07   1.74834497e-03
 1.43811562e+02   3.30116861e-01   2.04747342e-07   1.72699081e-03   2.03310687e-07   1.71749256e-03
 1.43869744e+02   3.30250417e-01   1.98581983e-07   1.67498760e-03   1.97146703e-07   1.66542154e-03
 1.43927926e+02   3.30383973e-01   1.90144701e-07   1.60382131e-03   1.88782840e-07   1.59476675e-03
 1.43986108e+02   3.30517529e-01   1.79873979e-07   1.51719044e-03   1.78651835e-07   1.50918382e-03
 1.44044291e+02   3.30651085e-01   1.68304757e-07   1.41960705e-03   1.67279147e-07   1.41311161e-03
 1.44102473e+02   3.30784641e-01   1.56035086e-07   1.31611554e-03   1.55250246e-07   1.31149596e-03
 1.44160655e+02   3.30918197e-01   1.43690006e-07   1.21198799e-03   1.43175293e-07   1.20949127e-03
 1.44218837e+02   3.31051753e-01   1.31884802e-07   1.11241415e-03   1.31653307e-07   1.11215784e-03
 1.44277019e+02   3.31185309e-01   1.21189743e-07   1.02220410e-03   1.21237886e-07   1.02417227e-03
 1.44335201e+02   3.31318865e-01   1.12098309e-07   9.45520210e-04   1.12406414e-07   9.49567300e-04
 1.44393383e+02   3.31452421e-01   1.05000632e-07   8.85653138e-04   1.05534417e-07   8.91515243e-04
 1.44451565e+02   3.31585977e-01   1.00163538e-07   8.44853504e-04   1.00876434e-07   8.52166344e-04
 1.44509747e+02   3.31719533e-01   9.77181902e-08   8.24227630e-04   9.85543157e-08   8.32549961e-04
 1.44567929e+02   3.31853088e-01   9.76558367e-08   8.23701694e-04   9.85534561e-08   8.32542699e-04
 1.44626111e+02   3.31986644e-01   9.98317164e-08   8.42054676e-04   1.00726962e-07   8.50903663e-04
 1.44684293e+02   3.32120200e-01   1.03976698e-07   8.77016525e-04   1.04807338e-07   8.85373154e-04
 1.44742476e+02   3.32253756e-01   1.09715796e-07   9.25424325e-04   1.10424826e-07   9.32827591e-04
 1.44800658e+02   3.32387312e-01   1.16592326e-07   9.83426080e-04   1.17131185e-07   9.89480397e-04
 1.44858840e+02   3.32520868e-01   1.24096194e-07   1.04671926e-03   1.24427412e-07   1.05111619e-03
 1.44917022e+02   3.32654424e-01   1.31694567e-07   1.11080957e-03   1.31793722e-07   1.11334402e-03
 1.44975204e+02   3.32787980e-01   1.38863138e-07   1.17127461e-03   1.38720004e-07   1.17185466e-03
 1.45033386e+02   3.32921536e-01   1.45116146e-07   1.22401711e-03   1.44734995e-07   1.22266705e-03
 1.45091568e+02   3.33055092e-01   1.50033472e-07   1.26549349e-03   1.49432524e-07   1.26235002e-03
 1.45149750e+02   3.33188648e-01   1.53283321e-07   1.29290512e-03   1.52493390e-07   1.28820707e-03
 1.45207932e+02   3.33322204e-01   1.54639278e-07   1.30434226e-03   1.53701716e-07   1.29841455e-03
 1.45266114e+02   3.33455760e-01   1.53990901e-07   1.29887338e-03   1.52954968e-07   1.29210630e-03
 1.45324296e+02   3.33589316e-01   1.51347392e-07   1.27657606e-03   1.50267215e-07   1.26940117e-03
 1.45382478e+02   3.33722871e-01   1.46834277e-07   1.23850910e-03   1.45765591e-07   1.23137314e-03
 1.45440660e+02   3.33856427e-01   1.40683472e-07   1.18662866e-03   1.39680333e-07   1.17996716e-03
 1.45498843e+02   3.33989983e-01   1.33217441e-07   1.12365462e-03   1.32329096e-07   1.11786666e-03
 1.45557025e+02   3.34123539e-01   1.24828491e-07   1.05289600e-03   1.24096600e-07   1.04832161e-03
 1.45615207e+02   3.34257095e-01   1.15954521e-07   9.78046355e-04   1.15410867e-07   9.74947791e-04
 1.45673389e+02   3.34390651e-01   1.07052680e-07   9.02961635e-04   1.06717508e-07   9.01509553e-04
 1.45731571e+02   3.34524207e-01   9.85725162e-08   8.31433649e-04   9.84535732e-08   8.31698926e-04
 1.45789753e+02   3.34657763e-01   9.09301570e-08   7.66972328e-04   9.10224817e-08   7.68923847e-04
 1.45847935e+02   3.34791319e-01   8.44849970e-08   7.12609072e-04   8.47714548e-08   7.16117512e-04
 1.45906117e+02   3.34924875e-01   7.95201723e-08   6.70732061e-04   7.99726900e-08   6.75579344e-04
 1.45964299e+02   3.35058431e-01   7.62278641e-08   6.42962294e-04   7.68092799e-08   6.48856039e-04
 1.46022481e+02   3.35191987e-01   7.47001720e-08   6.30076607e-04   7.53665798e-08   6.36668650e-04
 1.46080663e+02   3.35325543e-01   7.49259599e-08   6.31981070e-04   7.56294034e-08   6.38888885e-04
 1.46138845e+02   3.35459098e-01   7.67937266e-08   6.47735198e-04   7.74850778e-08   6.54564928e-04
 1.46197028e+02   3.35592654e-01   8.01002047e-08   6.75624485e-04   8.07320573e-08   6.81994195e-04
 1.46255210e+02   3.35726210e-01   8.45640692e-08   7.13276026e-04   8.50934762e-08   7.18837828e-04
 1.46313392e+02   3.35859766e-01   8.98438555e-08   7.57809656e-04   9.02347555e-08   7.62269431e-04
 1.46371574e+02   3.35993322e-01   9.55589651e-08   8.06015126e-04   9.57841614e-08   8.09148734e-04
 1.46429756e+02   3.36126878e-01   1.01312483e-07   8.54544555e-04   1.01355067e-07   8.56209661e-04
 1.46487938e+02   3.36260434e-01   1.06714450e-07   9.00108749e-04   1.06568601e-07   9.00251641e-04
 1.46546120e+02   3.36393990e-01   1.11404248e-07   9.39665983e-04   1.11075364e-07   9.38323092e-04
 1.46604302e+02   3.36527546e-01   1.15070815e-07   9.70592529e-04   1.14574993e-07   9.67886648e-04
 1.46662484e+02   3.36661102e-01   1.17469580e-07   9.90825487e-04   1.16832475e-07   9.86957008e-04
 1.46720666e+02   3.36794658e-01   1.18435201e-07   9.98970255e-04   1.17690352e-07   9.94204032e-04
 1.46778848e+02   3.36928214e-01   1.17889474e-07   9.94367189e-04   1.17076195e-07   9.89015862e-04
 1.46837030e+02   3.37061770e-01   1.15844035e-07   9.77114441e-04   1.15005010e-07   9.71519271e-04
 1.46895213e+02   3.37195326e-01   1.12397829e-07   9.48046581e-04   1.11576554e-07   9.42556952e-04
 1.46953395e+02   3.37328881e-01   1.07729581e-07   9.08671120e-04   1.06967801e-07   9.03623934e-04
 1.47011577e+02   3.37462437e-01   1.02085823e-07   8.61067486e-04   1.01421120e-07   8.56767648e-04
 1.47069759e+02   3.37595993e-01   9.57652411e-08   8.07755010e-04   9.52289054e-08   8.04458140e-04
 1.47127941e+02   3.37729549e-01   8.91003289e-08   7.51538202e-04   8.87156416e-08   7.49436525e-04
 1.47186123e+02   3.37863105e-01   8.24374646e-08   6.95338667e-04   8.22184722e-08   6.94550871e-04
 1.47244305e+02   3.37996661e-01   7.61165815e-08   6.42023654e-04   7.60674358e-08   6.42589219e-04
 1.47302487e+02   3.38130217e-01   7.04516208e-08   5.94241178e-04   7.05665084e-08   5.96119443e-04
 1.47360669e+02   3.38263773e-01   6.57128774e-08   5.54271105e-04   6.59765323e-08   5.57345044e-04
 1.47418851e+02   3.38397329e-01   6.21122179e-08   5.23900474e-04   6.25009792e-08   5.27984872e-04
 1.47477033e+02   3.38530885e-01   5.97919681e-08   5.04329768e-04   6.02753100e-08   5.09183252e-04
 1.47535215e+02   3.38664441e-01   5.88180397e-08   4.96114934e-04   5.93604759e-08   5.01455076e-04
 1.47593398e+02   3.38797997e-01   5.91776063e-08   4.99147785e-04   5.97408535e-08   5.04668363e-04
 1.47651580e+02   3.38931553e-01   6.07813778e-08   5.12675182e-04   6.13266446e-08   5.18064533e-04
 1.47709762e+02   3.39065109e-01   6.34702485e-08   5.35355110e-04   6.39605128e-08   5.40314465e-04
 1.47767944e+02   3.39198664e-01   6.70258521e-08   5.65345706e-04   6.74280155e-08   5.69606630e-04
 1.47826126e+02   3.39332220e-01   7.11843375e-08   6.00421454e-04   7.14709985e-08   6.03760237e-04
 1.47884308e+02   3.39465776e-01   7.56525087e-08   6.38109321e-04   7.58040455e-08   6.40364196e-04
 1.47942490e+02   3.39599332e-01   8.01253505e-08   6.75836583e-04   8.01275903e-08   6.76887883e-04
 1.48000672e+02   3.39732888e-01   8.43039017e-08   7.11081580e-04   8.41683762e-08   7.11022930e-04
 1.48058854e+02   3.39866444e-01   8.79124381e-08   7.41518650e-04   8.75615246e-08   7.39686977e-04
 1.48117036e+02   3.40000000e-01   0.00000000e+00   0.00000000e+00   0.00000000e+00   0.00000000e+00
