 1.13265969e+02   5.57323736e+25
 1.13324151e+02   4.82863886e+25
 1.13382333e+02   4.00098422e+25
 1.13440515e+02   3.13996067e+25
 1.13498697e+02   2.29786933e+25
 1.13556879e+02   1.52653968e+25
 1.13615061e+02   8.74233957e+24
 1.13673244e+02   3.82725934e+24
 1.13731426e+02   8.47299774e+23
 1.13789608e+02   1.83796813e+22
 1.13847790e+02   1.43093194e+24
 1.13905972e+02   5.04294102e+24
 1.13964154e+02   1.06807851e+25
 1.14022336e+02   1.80479302e+25
 1.14080518e+02   2.67410580e+25
 1.14138700e+02   3.62727599e+25
 1.14196882e+02   4.60995298e+25
 1.14255064e+02   5.56534553e+25
 1.14313246e+02   6.43757672e+25
 1.14371428e+02   7.17502735e+25
 1.14429611e+02   7.73346852e+25
 1.14487793e+02   8.07879415e+25
 1.14545975e+02   8.18918555e+25
 1.14604157e+02   8.05657182e+25
 1.14662339e+02   7.68729005e+25
 1.14720521e+02   7.10189554e+25
 1.14778703e+02   6.33412231e+25
 1.14836885e+02   5.42904474e+25
 1.14895067e+02   4.44053933e+25
 1.14953249e+02   3.42818849e+25
 1.15011431e+02   2.45380353e+25
 1.15069613e+02   1.57776868e+25
 1.15127796e+02   8.55421693e+24
 1.15185978e+02   3.33686874e+24
 1.15244160e+02   4.81645184e+23
 1.15302342e+02   2.08561320e+23
 1.15360524e+02   2.58669434e+24
 1.15418706e+02   7.52802657e+24
 1.15476888e+02   1.47905666e+25
 1.15535070e+02   2.39906886e+25
 1.15593252e+02   3.46240793e+25
 1.15651434e+02   4.60941632e+25
 1.15709616e+02   5.77464156e+25
 1.15767798e+02   6.89065990e+25
 1.15825981e+02   7.89207029e+25
 1.15884163e+02   8.71942284e+25
 1.15942345e+02   9.32284723e+25
 1.16000527e+02   9.66516064e+25
 1.16058709e+02   9.72426301e+25
 1.16116891e+02   9.49466691e+25
 1.16175073e+02   8.98805892e+25
 1.16233255e+02   8.23284550e+25
 1.16291437e+02   7.27269589e+25
 1.16349619e+02   6.16415494e+25
 1.16407801e+02   4.97345456e+25
 1.16465983e+02   3.77270240e+25
 1.16524166e+02   2.63566584e+25
 1.16582348e+02   1.63339650e+25
 1.16640530e+02   8.29953550e+24
 1.16698712e+02   2.78481951e+24
 1.16756894e+02   1.78842617e+23
 1.16815076e+02   7.02928161e+23
 1.16873258e+02   4.39504462e+24
 1.16931440e+02   1.11048512e+25
 1.16989622e+02   2.04998933e+25
 1.17047804e+02   3.20827432e+25
 1.17105986e+02   4.52182266e+25
 1.17164168e+02   5.91692623e+25
 1.17222351e+02   7.31393102e+25
 1.17280533e+02   8.63189974e+25
 1.17338715e+02   9.79342082e+25
 1.17396897e+02   1.07292798e+26
 1.17455079e+02   1.13827125e+26
 1.17513261e+02   1.17129810e+26
 1.17571443e+02   1.16980487e+26
 1.17629625e+02   1.13361813e+26
 1.17687807e+02   1.06463630e+26
 1.17745989e+02   9.66748348e+25
 1.17804171e+02   8.45632680e+25
 1.17862353e+02   7.08446188e+25
 1.17920536e+02   5.63420401e+25
 1.17978718e+02   4.19387269e+25
 1.18036900e+02   2.85261745e+25
 1.18095082e+02   1.69511292e+25
 1.18153264e+02   7.96437015e+24
 1.18211446e+02   2.17440042e+24
 1.18269628e+02   8.88302741e+21
 1.18327810e+02   1.68624041e+24
 1.18385992e+02   7.19927102e+24
 1.18444174e+02   1.63119505e+25
 1.18502356e+02   2.85698198e+25
 1.18560538e+02   4.33235606e+25
 1.18618721e+02   5.97645678e+25
 1.18676903e+02   7.69705958e+25
 1.18735085e+02   9.39589254e+25
 1.18793267e+02   1.09744008e+26
 1.18851449e+02   1.23396228e+26
 1.18909631e+02   1.34098307e+26
 1.18967813e+02   1.41195949e+26
 1.19025995e+02   1.44239610e+26
 1.19084177e+02   1.43014776e+26
 1.19142359e+02   1.37558726e+26
 1.19200541e+02   1.28162587e+26
 1.19258723e+02   1.15358279e+26
 1.19316905e+02   9.98908928e+25
 1.19375088e+02   8.26778952e+25
 1.19433270e+02   6.47573503e+25
 1.19491452e+02   4.72280692e+25
 1.19549634e+02   3.11851020e+25
 1.19607816e+02   1.76543349e+25
 1.19665998e+02   7.53007005e+24
 1.19724180e+02   1.51935608e+24
 1.19782362e+02   9.65022102e+22
 1.19840544e+02   3.47066148e+24
 1.19898726e+02   1.15686443e+25
 1.19956908e+02   2.40342551e+25
 1.20015090e+02   4.02444846e+25
 1.20073273e+02   5.93418972e+25
 1.20131455e+02   8.02815726e+25
 1.20189637e+02   1.01890073e+26
 1.20247819e+02   1.22933142e+26
 1.20306001e+02   1.42188261e+26
 1.20364183e+02   1.58517843e+26
 1.20422365e+02   1.70938700e+26
 1.20480547e+02   1.78683609e+26
 1.20538729e+02   1.81251129e+26
 1.20596911e+02   1.78440526e+26
 1.20655093e+02   1.70369416e+26
 1.20713275e+02   1.57472773e+26
 1.20771458e+02   1.40482999e+26
 1.20829640e+02   1.20391897e+26
 1.20887822e+02   9.83964483e+25
 1.20946004e+02   7.58313319e+25
 1.21004186e+02   5.40919327e+25
 1.21062368e+02   3.45522483e+25
 1.21120550e+02   1.84824739e+25
 1.21178732e+02   6.97116747e+24
 1.21236914e+02   8.56715404e+23
 1.21295096e+02   6.72358156e+23
 1.21353278e+02   6.60831542e+24
 1.21411460e+02   1.84936019e+25
 1.21469643e+02   3.57990069e+25
 1.21527825e+02   5.76614838e+25
 1.21586007e+02   8.29289259e+25
 1.21644189e+02   1.10223077e+26
 1.21702371e+02   1.38017203e+26
 1.21760553e+02   1.64724192e+26
 1.21818735e+02   1.88790081e+26
 1.21876917e+02   2.08787517e+26
 1.21935099e+02   2.23503637e+26
 1.21993281e+02   2.32016980e+26
 1.22051463e+02   2.33758660e+26
 1.22109645e+02   2.28553812e+26
 1.22167828e+02   2.16640439e+26
 1.22226010e+02   1.98664058e+26
 1.22284192e+02   1.75647947e+26
 1.22342374e+02   1.48940246e+26
 1.22400556e+02   1.20140556e+26
 1.22458738e+02   9.10099627e+25
 1.22516920e+02   6.33694691e+25
 1.22575102e+02   3.89926353e+25
 1.22633284e+02   1.94986724e+25
 1.22691466e+02   6.25236353e+24
 1.22749648e+02   2.76912633e+23
 1.22807830e+02   2.18519065e+24
 1.22866013e+02   1.21338803e+25
 1.22924195e+02   2.98037612e+25
 1.22982377e+02   5.44078984e+25
 1.23040559e+02   8.47278853e+25
 1.23098741e+02   1.19176626e+26
 1.23156923e+02   1.55884537e+26
 1.23215105e+02   1.92804588e+26
 1.23273287e+02   2.27830374e+26
 1.23331469e+02   2.58920510e+26
 1.23389651e+02   2.84222095e+26
 1.23447833e+02   3.02185903e+26
 1.23506015e+02   3.11666237e+26
 1.23564198e+02   3.11999168e+26
 1.23622380e+02   3.03053964e+26
 1.23680562e+02   2.85254036e+26
 1.23738744e+02   2.59565379e+26
 1.23796926e+02   2.27452429e+26
 1.23855108e+02   1.90803133e+26
 1.23913290e+02   1.51826937e+26
 1.23971472e+02   1.12931057e+26
 1.24029654e+02   7.65818591e+25
 1.24087836e+02   4.51591852e+25
 1.24146018e+02   2.08121070e+25
 1.24204200e+02   5.32470867e+24
 1.24262382e+02   1.22951299e+20
 1.24320565e+02   5.57017969e+24
 1.24378747e+02   2.21366966e+25
 1.24436929e+02   4.91487263e+25
 1.24495111e+02   8.54180584e+25
 1.24553293e+02   1.29173071e+26
 1.24611475e+02   1.78148760e+26
 1.24669657e+02   2.29708573e+26
 1.24727839e+02   2.80991690e+26
 1.24786021e+02   3.29077682e+26
 1.24844203e+02   3.71159292e+26
 1.24902385e+02   4.04713270e+26
 1.24960567e+02   4.27659119e+26
 1.25018750e+02   4.38495962e+26
 1.25076932e+02   4.36408833e+26
 1.25135114e+02   4.21337189e+26
 1.25193296e+02   3.94000536e+26
 1.25251478e+02   3.55878399e+26
 1.25309660e+02   3.09144504e+26
 1.25367842e+02   2.56557751e+26
 1.25426024e+02   2.01315158e+26
 1.25484206e+02   1.46874374e+26
 1.25542388e+02   9.67553649e+25
 1.25600570e+02   5.43323982e+25
 1.25658752e+02   2.26283523e+25
 1.25716935e+02   4.12359796e+24
 1.25775117e+02   5.91216043e+23
 1.25833299e+02   1.29691177e+25
 1.25891481e+02   4.12777817e+25
 1.25949663e+02   8.45899069e+25
 1.26007845e+02   1.41055412e+26
 1.26066027e+02   2.07982065e+26
 1.26124209e+02   2.81968759e+26
 1.26182391e+02   3.59085244e+26
 1.26240573e+02   4.35089219e+26
 1.26298755e+02   5.05669157e+26
 1.26356937e+02   5.66699387e+26
 1.26415120e+02   6.14492748e+26
 1.26473302e+02   6.46035834e+26
 1.26531484e+02   6.59192326e+26
 1.26589666e+02   6.52861342e+26
 1.26647848e+02   6.27079880e+26
 1.26706030e+02   5.83061404e+26
 1.26764212e+02   5.23166028e+26
 1.26822394e+02   4.50801671e+26
 1.26880576e+02   3.70259535e+26
 1.26938758e+02   2.86491259e+26
 1.26996940e+02   2.04838760e+26
 1.27055122e+02   1.30730958e+26
 1.27113305e+02   6.93640133e+25
 1.27171487e+02   2.53833049e+25
 1.27229669e+02   2.58591616e+24
 1.27287851e+02   3.66192053e+24
 1.27346033e+02   2.99911596e+25
 1.27404215e+02   8.15096042e+25
 1.27462397e+02   1.56655860e+26
 1.27520579e+02   2.52404114e+26
 1.27578761e+02   3.64385005e+26
 1.27636943e+02   4.87090873e+26
 1.27695125e+02   6.14156724e+26
 1.27753307e+02   7.38703561e+26
 1.27811490e+02   8.53726518e+26
 1.27869672e+02   9.52506929e+26
 1.27927854e+02   1.02902522e+27
 1.27986036e+02   1.07835051e+27
 1.28044218e+02   1.09698312e+27
 1.28102400e+02   1.08312795e+27
 1.28160582e+02   1.03687974e+27
 1.28218764e+02   9.60305502e+26
 1.28276946e+02   8.57414671e+26
 1.28335128e+02   7.34013738e+26
 1.28393310e+02   5.97448475e+26
 1.28451492e+02   4.56243609e+26
 1.28509675e+02   3.19656112e+26
 1.28567857e+02   1.97163983e+26
 1.28626039e+02   9.79171523e+25
 1.28684221e+02   3.01805124e+25
 1.28742403e+02   8.01004641e+23
 1.28800585e+02   1.47307979e+25
 1.28858767e+02   7.46369627e+25
 1.28916949e+02   1.80624578e+26
 1.28975131e+02   3.30095068e+26
 1.29033313e+02   5.17754965e+26
 1.29091495e+02   7.35782487e+26
 1.29149677e+02   9.74150753e+26
 1.29207860e+02   1.22109752e+27
 1.29266042e+02   1.46372249e+27
 1.29324224e+02   1.68868505e+27
 1.29382406e+02   1.88296821e+27
 1.29440588e+02   2.03466885e+27
 1.29498770e+02   2.13377091e+27
 1.29556952e+02   2.17285645e+27
 1.29615134e+02   2.14771076e+27
 1.29673316e+02   2.05778087e+27
 1.29731498e+02   1.90645277e+27
 1.29789680e+02   1.70112069e+27
 1.29847862e+02   1.45303165e+27
 1.29906044e+02   1.17689996e+27
 1.29964227e+02   8.90298588e+26
 1.30022409e+02   6.12846996e+26
 1.30080591e+02   3.65227381e+26
 1.30138773e+02   1.68072461e+26
 1.30196955e+02   4.07777270e+25
 1.30255137e+02   2.98433249e+23
 1.30313319e+02   5.99963746e+25
 1.30371501e+02   2.28603035e+26
 1.30429683e+02   5.09363959e+26
 1.30487865e+02   8.99423951e+26
 1.30546047e+02   1.38950417e+27
 1.30604229e+02   1.96391045e+27
 1.30662412e+02   2.60089791e+27
 1.30720594e+02   3.27340031e+27
 1.30778776e+02   3.95011505e+27
 1.30836958e+02   4.59691589e+27
 1.30895140e+02   5.17854787e+27
 1.30953322e+02   5.66054136e+27
 1.31011504e+02   6.01126807e+27
 1.31069686e+02   6.20404910e+27
 1.31127868e+02   6.21921754e+27
 1.31186050e+02   6.04603326e+27
 1.31244232e+02   5.68434860e+27
 1.31302414e+02   5.14592815e+27
 1.31360597e+02   4.45533635e+27
 1.31418779e+02   3.65032068e+27
 1.31476961e+02   2.78163655e+27
 1.31535143e+02   1.91228226e+27
 1.31593325e+02   1.11613607e+27
 1.31651507e+02   4.76013705e+26
 1.31709689e+02   8.11906202e+25
 1.31767871e+02   2.44586852e+25
 1.31826053e+02   3.98810716e+26
 1.31884235e+02   1.29386657e+27
 1.31942417e+02   2.79217104e+27
 1.32000599e+02   4.96550530e+27
 1.32058782e+02   7.87135959e+27
 1.32116964e+02   1.15497147e+28
 1.32175146e+02   1.60202738e+28
 1.32233328e+02   2.12802730e+28
 1.32291510e+02   2.73029819e+28
 1.32349692e+02   3.40369809e+28
 1.32407874e+02   4.14062759e+28
 1.32466056e+02   4.93112777e+28
 1.32524238e+02   5.76306431e+28
 1.32582420e+02   6.62239394e+28
 1.32640602e+02   7.49350619e+28
 1.32698784e+02   8.35963026e+28
 1.32756967e+02   9.20329413e+28
 1.32815149e+02   1.00068208e+29
 1.32873331e+02   1.07528446e+29
 1.32931513e+02   1.14248299e+29
 1.32989695e+02   1.20075740e+29
 1.33047877e+02   1.24876750e+29
 1.33106059e+02   1.28539499e+29
 1.33164241e+02   1.30977856e+29
 1.33222423e+02   1.32134115e+29
 1.33280605e+02   1.31980820e+29
 1.33338787e+02   1.30521645e+29
 1.33396969e+02   1.27791270e+29
 1.33455152e+02   1.23854281e+29
 1.33513334e+02   1.18803118e+29
 1.33571516e+02   1.12755155e+29
 1.33629698e+02   1.05849019e+29
 1.33687880e+02   9.82402798e+28
 1.33746062e+02   9.00966683e+28
 1.33804244e+02   8.15929991e+28
 1.33862426e+02   7.29059734e+28
 1.33920608e+02   6.42090487e+28
 1.33978790e+02   5.56675518e+28
 1.34036972e+02   4.74342007e+28
 1.34095154e+02   3.96451807e+28
 1.34153337e+02   3.24168987e+28
 1.34211519e+02   2.58435100e+28
 1.34269701e+02   1.99952796e+28
 1.34327883e+02   1.49178080e+28
 1.34386065e+02   1.06321184e+28
 1.34444247e+02   7.13556881e+27
 1.34502429e+02   4.40352159e+27
 1.34560611e+02   2.39167817e+27
 1.34618793e+02   1.03896335e+27
 1.34676975e+02   2.70826571e+26
 1.34735157e+02   2.81729583e+24
 1.34793339e+02   1.44286248e+26
 1.34851521e+02   6.02065962e+26
 1.34909704e+02   1.28399128e+27
 1.34967886e+02   2.10213321e+27
 1.35026068e+02   2.97563704e+27
 1.35084250e+02   3.83307690e+27
 1.35142432e+02   4.61426290e+27
 1.35200614e+02   5.27146285e+27
 1.35258796e+02   5.77002660e+27
 1.35316978e+02   6.08842652e+27
 1.35375160e+02   6.21775150e+27
 1.35433342e+02   6.16071275e+27
 1.35491524e+02   5.93023721e+27
 1.35549706e+02   5.54773781e+27
 1.35607889e+02   5.04115842e+27
 1.35666071e+02   4.44289549e+27
 1.35724253e+02   3.78769769e+27
 1.35782435e+02   3.11063952e+27
 1.35840617e+02   2.44525574e+27
 1.35898799e+02   1.82191085e+27
 1.35956981e+02   1.26646218e+27
 1.36015163e+02   7.99258355e+26
 1.36073345e+02   4.34496176e+26
 1.36131527e+02   1.79941104e+26
 1.36189709e+02   3.69986342e+25
 1.36247891e+02   1.10810230e+24
 1.36306074e+02   6.24166321e+25
 1.36364256e+02   2.06680003e+26
 1.36422438e+02   4.16329450e+26
 1.36480620e+02   6.71639003e+26
 1.36538802e+02   9.51927026e+26
 1.36596984e+02   1.23672796e+27
 1.36655166e+02   1.50687567e+27
 1.36713348e+02   1.74544772e+27
 1.36771530e+02   1.93853007e+27
 1.36829712e+02   2.07577329e+27
 1.36887894e+02   2.15072355e+27
 1.36946076e+02   2.16092452e+27
 1.37004259e+02   2.10779830e+27
 1.37062441e+02   1.99632443e+27
 1.37120623e+02   1.83454579e+27
 1.37178805e+02   1.63293740e+27
 1.37236987e+02   1.40367968e+27
 1.37295169e+02   1.15988033e+27
 1.37353351e+02   9.14789487e+26
 1.37411533e+02   6.81050799e+26
 1.37469715e+02   4.70026986e+26
 1.37527897e+02   2.91232393e+26
 1.37586079e+02   1.51897776e+26
 1.37644261e+02   5.66841569e+25
 1.37702444e+02   7.55371149e+24
 1.37760626e+02   3.79682643e+24
 1.37818808e+02   4.22060390e+25
 1.37876990e+02   1.17380082e+26
 1.37935172e+02   2.22134983e+26
 1.37993354e+02   3.47994438e+26
 1.38051536e+02   4.85728647e+26
 1.38109718e+02   6.25909586e+26
 1.38167900e+02   7.59451253e+26
 1.38226082e+02   8.78105649e+26
 1.38284264e+02   9.74889037e+26
 1.38342446e+02   1.04441794e+27
 1.38400629e+02   1.08314023e+27
 1.38458811e+02   1.08945307e+27
 1.38516993e+02   1.06370612e+27
 1.38575175e+02   1.00809470e+27
 1.38633357e+02   9.26453709e+26
 1.38691539e+02   8.23967884e+26
 1.38749721e+02   7.06818278e+26
 1.38807903e+02   5.81787285e+26
 1.38866085e+02   4.55846142e+26
 1.38924267e+02   3.35748746e+26
 1.38982449e+02   2.27654371e+26
 1.39040631e+02   1.36799333e+26
 1.39098814e+02   6.72341509e+25
 1.39156996e+02   2.16384453e+25
 1.39215178e+02   1.22097340e+24
 1.39273360e+02   5.70717426e+24
 1.39331542e+02   3.34115741e+25
 1.39389724e+02   8.13877491e+25
 1.39447906e+02   1.45644451e+26
 1.39506088e+02   2.21413196e+26
 1.39564270e+02   3.03450268e+26
 1.39622452e+02   3.86354744e+26
 1.39680634e+02   4.64883924e+26
 1.39738816e+02   5.34248362e+26
 1.39796999e+02   5.90370441e+26
 1.39855181e+02   6.30093103e+26
 1.39913363e+02   6.51328590e+26
 1.39971545e+02   6.53140833e+26
 1.40029727e+02   6.35759052e+26
 1.40087909e+02   6.00524177e+26
 1.40146091e+02   5.49773387e+26
 1.40204273e+02   4.86671452e+26
 1.40262455e+02   4.15000275e+26
 1.40320637e+02   3.38920015e+26
 1.40378819e+02   2.62716395e+26
 1.40437001e+02   1.90549065e+26
 1.40495183e+02   1.26215383e+26
 1.40553366e+02   7.29426401e+25
 1.40611548e+02   3.32196955e+25
 1.40669730e+02   8.67643990e+24
 1.40727912e+02   1.64763673e+22
 1.40786094e+02   7.00522706e+24
 1.40844276e+02   2.85124340e+25
 1.40902458e+02   6.26049478e+25
 1.40960640e+02   1.06682949e+26
 1.41018822e+02   1.57650471e+26
 1.41077004e+02   2.12109398e+26
 1.41135186e+02   2.66565101e+26
 1.41193368e+02   3.17631544e+26
 1.41251551e+02   3.62224086e+26
 1.41309733e+02   3.97729250e+26
 1.41367915e+02   4.22142359e+26
 1.41426097e+02   4.34166041e+26
 1.41484279e+02   4.33265052e+26
 1.41542461e+02   4.19675501e+26
 1.41600643e+02   3.94369228e+26
 1.41658825e+02   3.58976637e+26
 1.41717007e+02   3.15673610e+26
 1.41775189e+02   2.67039984e+26
 1.41833371e+02   2.15898562e+26
 1.41891553e+02   1.65144458e+26
 1.41949736e+02   1.17574898e+26
 1.42007918e+02   7.57292810e+25
 1.42066100e+02   4.17484727e+25
 1.42124282e+02   1.72609304e+25
 1.42182464e+02   3.30154523e+24
 1.42240646e+02   2.67023433e+23
 1.42298828e+02   7.90943540e+24
 1.42357010e+02   2.53673149e+25
 1.42415192e+02   5.12315419e+25
 1.42473374e+02   8.36413076e+25
 1.42531556e+02   1.20403841e+26
 1.42589738e+02   1.59130369e+26
 1.42647921e+02   1.97380027e+26
 1.42706103e+02   2.32803196e+26
 1.42764285e+02   2.63275967e+26
 1.42822467e+02   2.87018176e+26
 1.42880649e+02   3.02688562e+26
 1.42938831e+02   3.09452105e+26
 1.42997013e+02   3.07016306e+26
 1.43055195e+02   2.95635056e+26
 1.43113377e+02   2.76080658e+26
 1.43171559e+02   2.49586374e+26
 1.43229741e+02   2.17763534e+26
 1.43287923e+02   1.82498621e+26
 1.43346106e+02   1.45836767e+26
 1.43404288e+02   1.09858745e+26
 1.43462470e+02   7.65587514e+25
 1.43520652e+02   4.77300460e+25
 1.43578834e+02   2.48649287e+25
 1.43637016e+02   9.07451786e+24
 1.43695198e+02   1.03255128e+24
 1.43753380e+02   9.45928924e+23
 1.43811562e+02   8.55310843e+24
 1.43869744e+02   2.31498238e+25
 1.43927926e+02   4.36400238e+25
 1.43986108e+02   6.86085108e+25
 1.44044291e+02   9.64105767e+25
 1.44102473e+02   1.25273051e+26
 1.44160655e+02   1.53400635e+26
 1.44218837e+02   1.79081215e+26
 1.44277019e+02   2.00784060e+26
 1.44335201e+02   2.17245327e+26
 1.44393383e+02   2.27536183e+26
 1.44451565e+02   2.31109928e+26
 1.44509747e+02   2.27825845e+26
 1.44567929e+02   2.17948852e+26
 1.44626111e+02   2.02125501e+26
 1.44684293e+02   1.81338204e+26
 1.44742476e+02   1.56840812e+26
 1.44800658e+02   1.30079677e+26
 1.44858840e+02   1.02605106e+26
 1.44917022e+02   7.59785481e+25
 1.44975204e+02   5.16810279e+25
 1.45033386e+02   3.10281258e+25
 1.45091568e+02   1.50963352e+25
 1.45149750e+02   4.66486211e+24
 1.45207932e+02   1.75951152e+23
 1.45266114e+02   1.71568583e+24
 1.45324296e+02   9.01597667e+24
 1.45382478e+02   2.14772048e+25
 1.45440660e+02   3.82097952e+25
 1.45498843e+02   5.80919238e+25
 1.45557025e+02   7.98396793e+25
 1.45615207e+02   1.02085342e+26
 1.45673389e+02   1.23459055e+26
 1.45731571e+02   1.42669059e+26
 1.45789753e+02   1.58575825e+26
 1.45847935e+02   1.70255884e+26
 1.45906117e+02   1.77051807e+26
 1.45964299e+02   1.78605698e+26
 1.46022481e+02   1.74874523e+26
 1.46080663e+02   1.66126753e+26
 1.46138845e+02   1.52920833e+26
 1.46197028e+02   1.36067092e+26
 1.46255210e+02   1.16575617e+26
 1.46313392e+02   9.55933945e+25
 1.46371574e+02   7.43345851e+25
 1.46429756e+02   5.40081424e+25
 1.46487938e+02   3.57470430e+25
 1.46546120e+02   2.05432426e+25
 1.46604302e+02   9.19205501e+24
 1.46662484e+02   2.24903858e+24
 1.46720666e+02   1.68770202e+21
 1.46778848e+02   2.45732219e+24
 1.46837030e+02   9.34759669e+24
 1.46895213e+02   2.01490737e+25
 1.46953395e+02   3.41183757e+25
 1.47011577e+02   5.03396050e+25
 1.47069759e+02   6.77810443e+25
 1.47127941e+02   8.53576607e+25
 1.47186123e+02   1.01995653e+26
 1.47244305e+02   1.16695236e+26
 1.47302487e+02   1.28588007e+26
 1.47360669e+02   1.36985648e+26
 1.47418851e+02   1.41417235e+26
 1.47477033e+02   1.41653188e+26
 1.47535215e+02   1.37714668e+26
 1.47593398e+02   1.29868123e+26
 1.47651580e+02   1.18605550e+26
 1.47709762e+02   1.04611857e+26
 1.47767944e+02   8.87214713e+25
 1.47826126e+02   7.18668900e+25
 1.47884308e+02   5.50223304e+25
 1.47942490e+02   3.91458609e+25
 1.48000672e+02   2.51234231e+25
 1.48058854e+02   1.37179952e+25
 1.48117036e+02   0.00000000e+00
