 3.91556918e+02   9.00000000e-01   1.14614488e-07   2.94308026e-03   1.16052307e-07   2.98169863e-03
 3.91644368e+02   9.00201005e-01   1.18678743e-07   3.04744254e-03   1.20629859e-07   3.09930837e-03
 3.91731818e+02   9.00402010e-01   1.23246586e-07   3.16473598e-03   1.25610260e-07   3.22726837e-03
 3.91819267e+02   9.00603015e-01   1.28150687e-07   3.29066390e-03   1.30804522e-07   3.36072306e-03
 3.91906717e+02   9.00804020e-01   1.33179353e-07   3.41979040e-03   1.35982869e-07   3.49376883e-03
 3.91994167e+02   9.01005025e-01   1.38101525e-07   3.54618234e-03   1.40899935e-07   3.62010161e-03
 3.92081617e+02   9.01206030e-01   1.42695229e-07   3.66413985e-03   1.45323849e-07   3.73376396e-03
 3.92169067e+02   9.01407035e-01   1.46776054e-07   3.76892761e-03   1.49065404e-07   3.82989468e-03
 3.92256517e+02   9.01608040e-01   1.50222145e-07   3.85741663e-03   1.52003880e-07   3.90539209e-03
 3.92343967e+02   9.01809045e-01   1.52992538e-07   3.92855499e-03   1.54106240e-07   3.95940742e-03
 3.92431417e+02   9.02010050e-01   1.55136397e-07   3.98360519e-03   1.55437179e-07   3.99360285e-03
 3.92518867e+02   9.02211055e-01   1.56791817e-07   4.02611319e-03   1.56158479e-07   4.01213500e-03
 3.92606317e+02   9.02412060e-01   1.58174068e-07   4.06160676e-03   1.56517405e-07   4.02135679e-03
 3.92693766e+02   9.02613065e-01   1.59554519e-07   4.09705408e-03   1.56825163e-07   4.02926393e-03
 3.92781216e+02   9.02814070e-01   1.61232607e-07   4.14014418e-03   1.57427664e-07   4.04474381e-03
 3.92868666e+02   9.03015075e-01   1.63504179e-07   4.19847379e-03   1.58671817e-07   4.07670949e-03
 3.92956116e+02   9.03216080e-01   1.66629981e-07   4.27873838e-03   1.60871175e-07   4.13321695e-03
 3.93043566e+02   9.03417085e-01   1.70808174e-07   4.38602636e-03   1.64274896e-07   4.22066778e-03
 3.93131016e+02   9.03618090e-01   1.76154271e-07   4.52330389e-03   1.69043681e-07   4.34319080e-03
 3.93218466e+02   9.03819095e-01   1.82691035e-07   4.69115544e-03   1.75235543e-07   4.50227653e-03
 3.93305916e+02   9.04020101e-01   1.90349654e-07   4.88781409e-03   1.82803147e-07   4.69670883e-03
 3.93393366e+02   9.04221106e-01   1.98982135e-07   5.10947967e-03   1.91603102e-07   4.92280353e-03
 3.93480815e+02   9.04422111e-01   2.08383419e-07   5.35088660e-03   2.01416129e-07   5.17492681e-03
 3.93568265e+02   9.04623116e-01   2.18320496e-07   5.60605169e-03   2.11975779e-07   5.44623288e-03
 3.93655715e+02   9.04824121e-01   2.28564894e-07   5.86910819e-03   2.23002280e-07   5.72953360e-03
 3.93743165e+02   9.05025126e-01   2.38924418e-07   6.13512090e-03   2.34237500e-07   6.01819690e-03
 3.93830615e+02   9.05226131e-01   2.49270103e-07   6.40077824e-03   2.45476877e-07   6.30696699e-03
 3.93918065e+02   9.05427136e-01   2.59554891e-07   6.66487187e-03   2.56594508e-07   6.59260908e-03
 3.94005515e+02   9.05628141e-01   2.69821579e-07   6.92850073e-03   2.67558457e-07   6.87430269e-03
 3.94092965e+02   9.05829146e-01   2.80198931e-07   7.19497123e-03   2.78434533e-07   7.15373858e-03
 3.94180415e+02   9.06030151e-01   2.90886369e-07   7.46940416e-03   2.89378191e-07   7.43491084e-03
 3.94267865e+02   9.06231156e-01   3.02129139e-07   7.75809694e-03   3.00615698e-07   7.72363289e-03
 3.94355314e+02   9.06432161e-01   3.14187097e-07   8.06772217e-03   3.12416992e-07   8.02684015e-03
 3.94442764e+02   9.06633166e-01   3.27301157e-07   8.40446607e-03   3.25063685e-07   8.35176802e-03
 3.94530214e+02   9.06834171e-01   3.41661773e-07   8.77321915e-03   3.38816227e-07   8.70510812e-03
 3.94617664e+02   9.07035176e-01   3.57383657e-07   9.17692698e-03   3.53884293e-07   9.09224763e-03
 3.94705114e+02   9.07236181e-01   3.74490163e-07   9.61618926e-03   3.70404047e-07   9.51668492e-03
 3.94792564e+02   9.07437186e-01   3.92909590e-07   1.00891648e-02   3.88424958e-07   9.97969103e-03
 3.94880014e+02   9.07638191e-01   4.12484136e-07   1.05918016e-02   4.07907691e-07   1.04802553e-02
 3.94967464e+02   9.07839196e-01   4.32990625e-07   1.11183690e-02   4.28733089e-07   1.10153163e-02
 3.95054914e+02   9.08040201e-01   4.54170601e-07   1.16622301e-02   4.50720962e-07   1.15802444e-02
 3.95142364e+02   9.08241206e-01   4.75766170e-07   1.22167629e-02   4.73656101e-07   1.21695103e-02
 3.95229813e+02   9.08442211e-01   4.97557206e-07   1.27763149e-02   4.97318187e-07   1.27774535e-02
 3.95317263e+02   9.08643216e-01   5.19395345e-07   1.33370765e-02   5.21511818e-07   1.33990535e-02
 3.95404713e+02   9.08844221e-01   5.41230614e-07   1.38977643e-02   5.46093057e-07   1.40306123e-02
 3.95492163e+02   9.09045226e-01   5.63127491e-07   1.44600341e-02   5.70989511e-07   1.46702697e-02
 3.95579613e+02   9.09246231e-01   5.85268591e-07   1.50285751e-02   5.96211976e-07   1.53183033e-02
 3.95667063e+02   9.09447236e-01   6.07945803e-07   1.56108824e-02   6.21856959e-07   1.59771925e-02
 3.95754513e+02   9.09648241e-01   6.31540367e-07   1.62167456e-02   6.48100707e-07   1.66514655e-02
 3.95841963e+02   9.09849246e-01   6.56494816e-07   1.68575280e-02   6.75186575e-07   1.73473750e-02
 3.95929413e+02   9.10050251e-01   6.83280778e-07   1.75453401e-02   7.03408471e-07   1.80724721e-02
 3.96016863e+02   9.10251256e-01   7.12367085e-07   1.82922207e-02   7.33093512e-07   1.88351613e-02
 3.96104312e+02   9.10452261e-01   7.44192507e-07   1.91094365e-02   7.64587004e-07   1.96443146e-02
 3.96191762e+02   9.10653266e-01   7.79146639e-07   2.00069916e-02   7.98242213e-07   2.05090082e-02
 3.96279212e+02   9.10854271e-01   8.17561178e-07   2.09934033e-02   8.34416401e-07   2.14384212e-02
 3.96366662e+02   9.11055276e-01   8.59712162e-07   2.20757597e-02   8.73473300e-07   2.24418989e-02
 3.96454112e+02   9.11256281e-01   9.05832042e-07   2.32600298e-02   9.15790812e-07   2.35291506e-02
 3.96541562e+02   9.11457286e-01   9.56128808e-07   2.45515543e-02   9.61771490e-07   2.47105190e-02
 3.96629012e+02   9.11658291e-01   1.01080826e-06   2.59556178e-02   1.01185255e-06   2.59972372e-02
 3.96716462e+02   9.11859296e-01   1.07009490e-06   2.74779850e-02   1.06651177e-06   2.74015808e-02
 3.96803912e+02   9.12060302e-01   1.13424707e-06   2.91252897e-02   1.12626605e-06   2.89368305e-02
 3.96891362e+02   9.12261307e-01   1.20356293e-06   3.09051881e-02   1.19166033e-06   3.06169869e-02
 3.96978811e+02   9.12462312e-01   1.27837530e-06   3.28262264e-02   1.26324608e-06   3.24562192e-02
 3.97066261e+02   9.12663317e-01   1.35903557e-06   3.48974275e-02   1.34155064e-06   3.44680757e-02
 3.97153711e+02   9.12864322e-01   1.44588894e-06   3.71276553e-02   1.42704042e-06   3.66645401e-02
 3.97241161e+02   9.13065327e-01   1.53924537e-06   3.95248694e-02   1.52008321e-06   3.90550618e-02
 3.97328611e+02   9.13266332e-01   1.63935225e-06   4.20954223e-02   1.62091574e-06   4.16457230e-02
 3.97416061e+02   9.13467337e-01   1.74637539e-06   4.48435713e-02   1.72962345e-06   4.44387192e-02
 3.97503511e+02   9.13668342e-01   1.86039484e-06   4.77713719e-02   1.84613896e-06   4.74323187e-02
 3.97590961e+02   9.13869347e-01   1.98142074e-06   5.08790850e-02   1.97026397e-06   5.06214270e-02
 3.97678411e+02   9.14070352e-01   2.10943209e-06   5.41661710e-02   2.10171739e-06   5.39988220e-02
 3.97765860e+02   9.14271357e-01   2.24443805e-06   5.76328652e-02   2.24020875e-06   5.75570407e-02
 3.97853310e+02   9.14472362e-01   2.38655810e-06   6.12822356e-02   2.38553264e-06   6.12908059e-02
 3.97940760e+02   9.14673367e-01   2.53611364e-06   6.51225351e-02   2.53767643e-06   6.51997925e-02
 3.98028210e+02   9.14874372e-01   2.69372072e-06   6.91695827e-02   2.69693008e-06   6.92914508e-02
 3.98115660e+02   9.15075377e-01   2.86037164e-06   7.34488588e-02   2.86398547e-06   7.35835571e-02
 3.98203110e+02   9.15276382e-01   3.03749263e-06   7.79969860e-02   3.04001160e-06   7.81061459e-02
 3.98290560e+02   9.15477387e-01   3.22696600e-06   8.28622988e-02   3.22669333e-06   8.29025062e-02
 3.98378010e+02   9.15678392e-01   3.43110831e-06   8.81042820e-02   3.42622447e-06   8.80290025e-02
 3.98465460e+02   9.15879397e-01   3.65260055e-06   9.37917779e-02   3.64125017e-06   9.35535960e-02
 3.98552910e+02   9.16080402e-01   3.89437229e-06   1.00000012e-01   3.87475976e-06   9.95530911e-02
 3.98640359e+02   9.16281407e-01   4.15944829e-06   1.06806656e-01   4.12993755e-06   1.06109301e-01
 3.98727809e+02   9.16482412e-01   4.45077240e-06   1.14287300e-01   4.40998532e-06   1.13304488e-01
 3.98815259e+02   9.16683417e-01   4.77102871e-06   1.22510868e-01   4.71793634e-06   1.21216585e-01
 3.98902709e+02   9.16884422e-01   5.12248400e-06   1.31535566e-01   5.05648388e-06   1.29914790e-01
 3.98990159e+02   9.17085427e-01   5.50687593e-06   1.41406014e-01   5.42784924e-06   1.39456174e-01
 3.99077609e+02   9.17286432e-01   5.92536993e-06   1.52152137e-01   5.83371261e-06   1.49883905e-01
 3.99165059e+02   9.17487437e-01   6.37860242e-06   1.63790278e-01   6.27522529e-06   1.61227563e-01
 3.99252509e+02   9.17688442e-01   6.86681964e-06   1.76326760e-01   6.75311463e-06   1.73505837e-01
 3.99339959e+02   9.17889447e-01   7.39011115e-06   1.89763883e-01   7.26788249e-06   1.86731620e-01
 3.99427409e+02   9.18090452e-01   7.94872436e-06   2.04107999e-01   7.82008657e-06   2.00919241e-01
 3.99514858e+02   9.18291457e-01   8.54343426e-06   2.19379009e-01   8.41068143e-06   2.16093225e-01
 3.99602308e+02   9.18492462e-01   9.17593081e-06   2.35620307e-01   9.04138461e-06   2.32297701e-01
 3.99689758e+02   9.18693467e-01   9.84917732e-06   2.52907987e-01   9.71502374e-06   2.49605318e-01
 3.99777208e+02   9.18894472e-01   1.05676880e-05   2.71357962e-01   1.04358150e-05   2.68124400e-01
 3.99864658e+02   9.19095477e-01   1.13376718e-05   2.91129672e-01   1.12095213e-05   2.88003016e-01
 3.99952108e+02   9.19296482e-01   1.21669964e-05   3.12425135e-01   1.20434440e-05   3.09428752e-01
 4.00039558e+02   9.19497487e-01   1.30649330e-05   3.35482426e-01   1.29462087e-05   3.32623227e-01
 4.00127008e+02   9.19698492e-01   1.40416646e-05   3.60563020e-01   1.39273247e-05   3.57830757e-01
 4.00214458e+02   9.19899497e-01   1.51075541e-05   3.87933020e-01   1.49965113e-05   3.85301064e-01
 4.00301908e+02   9.20100503e-01   1.62721966e-05   4.17838806e-01   1.61628124e-05   4.15266501e-01
 4.00389357e+02   9.20301508e-01   1.75433008e-05   4.50478324e-01   1.74335365e-05   4.47914852e-01
 4.00476807e+02   9.20502513e-01   1.89254691e-05   4.85969754e-01   1.88130899e-05   4.83359322e-01
 4.00564257e+02   9.20703518e-01   2.04189627e-05   5.24319806e-01   2.03017809e-05   5.21607833e-01
 4.00651707e+02   9.20904523e-01   2.20185528e-05   5.65394213e-01   2.18946937e-05   5.62534083e-01
 4.00739157e+02   9.21105528e-01   2.37125623e-05   6.08893130e-01   2.35807321e-05   6.05852986e-01
 4.00826607e+02   9.21306533e-01   2.54822013e-05   6.54334065e-01   2.53419353e-05   6.51103073e-01
 4.00914057e+02   9.21507538e-01   2.73012855e-05   7.01044660e-01   2.71531527e-05   6.97638162e-01
 4.01001507e+02   9.21708543e-01   2.91364073e-05   7.48167068e-01   2.89821515e-05   7.44630104e-01
 4.01088957e+02   9.21909548e-01   3.09475980e-05   7.94674972e-01   3.07901982e-05   7.91083730e-01
 4.01176406e+02   9.22110553e-01   3.26894881e-05   8.39403370e-01   3.25331260e-05   8.35864274e-01
 4.01263856e+02   9.22311558e-01   3.43129336e-05   8.81090337e-01   3.41628635e-05   8.77736651e-01
 4.01351306e+02   9.22512563e-01   3.57670380e-05   9.18428950e-01   3.56293619e-05   9.15414974e-01
 4.01438756e+02   9.22713568e-01   3.70014679e-05   9.50126743e-01   3.68828260e-05   9.47619868e-01
 4.01526206e+02   9.22914573e-01   3.79689287e-05   9.74969280e-01   3.78761237e-05   9.73140381e-01
 4.01613656e+02   9.23115578e-01   3.86276497e-05   9.91883972e-01   3.85672288e-05   9.90896746e-01
 4.01701106e+02   9.23316583e-01   3.89437180e-05   1.00000000e+00   3.89215415e-05   1.00000000e+00
 4.01788556e+02   9.23517588e-01   3.88931037e-05   9.98700322e-01   3.89139317e-05   9.99804483e-01
 4.01876006e+02   9.23718593e-01   3.84632343e-05   9.87662100e-01   3.85303626e-05   9.89949552e-01
 4.01963456e+02   9.23919598e-01   3.76540025e-05   9.66882579e-01   3.77689767e-05   9.70387484e-01
 4.02050905e+02   9.24120603e-01   3.64781278e-05   9.36688372e-01   3.66405591e-05   9.41395374e-01
 4.02138355e+02   9.24321608e-01   3.49608341e-05   8.97727179e-01   3.51683330e-05   9.03569891e-01
 4.02225805e+02   9.24522613e-01   3.31388521e-05   8.50942174e-01   3.33870890e-05   8.57804901e-01
 4.02313255e+02   9.24723618e-01   3.10588016e-05   7.97530468e-01   3.13416923e-05   8.05253109e-01
 4.02400705e+02   9.24924623e-01   2.87750514e-05   7.38888141e-01   2.90850558e-05   7.47273995e-01
 4.02488155e+02   9.25125628e-01   2.63471882e-05   6.76545271e-01   2.66757042e-05   6.85371217e-01
 4.02575605e+02   9.25326633e-01   2.38372546e-05   6.12094988e-01   2.41750787e-05   6.21123362e-01
 4.02663055e+02   9.25527638e-01   2.13069267e-05   5.47121020e-01   2.16447496e-05   5.56112342e-01
 4.02750505e+02   9.25728643e-01   1.88148057e-05   4.83128130e-01   1.91437082e-05   4.91853804e-01
 4.02837955e+02   9.25929648e-01   1.64139838e-05   4.21479629e-01   1.67258989e-05   4.29733723e-01
 4.02925404e+02   9.26130653e-01   1.41500247e-05   3.63345499e-01   1.44381327e-05   3.70954801e-01
 4.03012854e+02   9.26331658e-01   1.20594611e-05   3.09663837e-01   1.23184936e-05   3.16495521e-01
 4.03100304e+02   9.26532663e-01   1.01688794e-05   2.61117323e-01   1.03953114e-05   2.67083754e-01
 4.03187754e+02   9.26733668e-01   8.49461072e-06   2.18125314e-01   8.68673313e-06   2.23185742e-01
 4.03275204e+02   9.26934673e-01   7.04301235e-06   1.80851051e-01   7.20088256e-06   1.85010210e-01
 4.03362654e+02   9.27135678e-01   5.81127789e-06   1.49222473e-01   5.93655878e-06   1.52526302e-01
 4.03450104e+02   9.27336683e-01   4.78868559e-06   1.22964263e-01   4.88438968e-06   1.25493223e-01
 4.03537554e+02   9.27537688e-01   3.95816774e-06   1.01638157e-01   4.02833058e-06   1.03498742e-01
 4.03625004e+02   9.27738693e-01   3.29807088e-06   8.46881358e-02   3.34738182e-06   8.60033208e-02
 4.03712454e+02   9.27939698e-01   2.78397277e-06   7.14870821e-02   2.81739363e-06   7.23864864e-02
 4.03799903e+02   9.28140704e-01   2.39042955e-06   6.13816471e-02   2.41283062e-06   6.19921649e-02
 4.03887353e+02   9.28341709e-01   2.09254283e-06   5.37324873e-02   2.10838265e-06   5.41700707e-02
 4.03974803e+02   9.28542714e-01   1.86725999e-06   4.79476559e-02   1.88033040e-06   4.83107897e-02
 4.04062253e+02   9.28743719e-01   1.69434992e-06   4.35076569e-02   1.70760075e-06   4.38728961e-02
 4.04149703e+02   9.28944724e-01   1.55702684e-06   3.99814636e-02   1.57247724e-06   4.04012067e-02
 4.04237153e+02   9.29145729e-01   1.44222508e-06   3.70335744e-02   1.46096077e-06   3.75360461e-02
 4.04324603e+02   9.29346734e-01   1.34055467e-06   3.44228733e-02   1.36280298e-06   3.50141059e-02
 4.04412053e+02   9.29547739e-01   1.24598965e-06   3.19946249e-02   1.27125818e-06   3.26620716e-02
 4.04499503e+02   9.29748744e-01   1.15535593e-06   2.96673248e-02   1.18261646e-06   3.03846255e-02
 4.04586953e+02   9.29949749e-01   1.06769386e-06   2.74163308e-02   1.09559041e-06   2.81486900e-02
 4.04674402e+02   9.30150754e-01   9.83570867e-07   2.52562138e-02   1.01063055e-06   2.59658408e-02
 4.04761852e+02   9.30351759e-01   9.04413729e-07   2.32236103e-02   9.29240701e-07   2.38747148e-02
 4.04849302e+02   9.30552764e-01   8.31917977e-07   2.13620584e-02   8.53354014e-07   2.19249799e-02
 4.04936752e+02   9.30753769e-01   7.67576763e-07   1.97098994e-02   7.84816677e-07   2.01640697e-02
 4.05024202e+02   9.30954774e-01   7.12353716e-07   1.82918774e-02   7.25009162e-07   1.86274524e-02
 4.05111652e+02   9.31155779e-01   6.66506667e-07   1.71146131e-02   6.74617520e-07   1.73327544e-02
 4.05199102e+02   9.31356784e-01   6.29552971e-07   1.61657131e-02   6.33550634e-07   1.62776347e-02
 4.05286552e+02   9.31557789e-01   6.00353950e-07   1.54159382e-02   6.00985377e-07   1.54409449e-02
 4.05374002e+02   9.31758794e-01   5.77286783e-07   1.48236176e-02   5.75511140e-07   1.47864426e-02
 4.05461451e+02   9.31959799e-01   5.58467394e-07   1.43403718e-02   5.55338999e-07   1.42681656e-02
 4.05548901e+02   9.32160804e-01   5.41987568e-07   1.39172014e-02   5.38538952e-07   1.38365268e-02
 4.05636351e+02   9.32361809e-01   5.26133224e-07   1.35100923e-02   5.23270899e-07   1.34442491e-02
 4.05723801e+02   9.32562814e-01   5.09557566e-07   1.30844612e-02   5.07980660e-07   1.30514014e-02
 4.05811251e+02   9.32763819e-01   4.91391816e-07   1.26179995e-02   4.91540397e-07   1.26290064e-02
 4.05898701e+02   9.32964824e-01   4.71285957e-07   1.21017196e-02   4.73322133e-07   1.21609298e-02
 4.05986151e+02   9.33165829e-01   4.49381506e-07   1.15392553e-02   4.53202546e-07   1.16440030e-02
 4.06073601e+02   9.33366834e-01   4.26226469e-07   1.09446784e-02   4.31505799e-07   1.10865547e-02
 4.06161051e+02   9.33567839e-01   4.02648745e-07   1.03392476e-02   4.08897928e-07   1.05056972e-02
 4.06248501e+02   9.33768844e-01   3.79607738e-07   9.74759878e-03   3.86250811e-07   9.92383129e-03
 4.06335950e+02   9.33969849e-01   3.58044702e-07   9.19390136e-03   3.64495531e-07   9.36487912e-03
 4.06423400e+02   9.34170854e-01   3.38750548e-07   8.69846449e-03   3.44484282e-07   8.85073583e-03
 4.06510850e+02   9.34371859e-01   3.22265982e-07   8.27517244e-03   3.26877013e-07   8.39835731e-03
 4.06598300e+02   9.34572864e-01   3.08823480e-07   7.92999476e-03   3.12064437e-07   8.01778207e-03
 4.06685750e+02   9.34773869e-01   2.98334622e-07   7.66066101e-03   3.00133472e-07   7.71124320e-03
 4.06773200e+02   9.34974874e-01   2.90420381e-07   7.45743846e-03   2.90875406e-07   7.47337835e-03
 4.06860650e+02   9.35175879e-01   2.84476827e-07   7.30481941e-03   2.83831822e-07   7.29240957e-03
 4.06948100e+02   9.35376884e-01   2.79764988e-07   7.18382843e-03   2.78369080e-07   7.15205693e-03
 4.07035550e+02   9.35577889e-01   2.75511467e-07   7.07460615e-03   2.73769441e-07   7.03387970e-03
 4.07123000e+02   9.35778894e-01   2.71006194e-07   6.95891938e-03   2.69325866e-07   6.91971222e-03
 4.07210449e+02   9.35979899e-01   2.65685113e-07   6.82228423e-03   2.64428190e-07   6.79387763e-03
 4.07297899e+02   9.36180905e-01   2.59188408e-07   6.65546130e-03   2.58630403e-07   6.64491676e-03
 4.07385349e+02   9.36381910e-01   2.51388673e-07   6.45517906e-03   2.51692015e-07   6.46665075e-03
 4.07472799e+02   9.36582915e-01   2.42387601e-07   6.22404879e-03   2.43590230e-07   6.25849390e-03
 4.07560249e+02   9.36783920e-01   2.32483829e-07   5.96973893e-03   2.34503598e-07   6.02503367e-03
 4.07647699e+02   9.36984925e-01   2.22118019e-07   5.70356480e-03   2.24771322e-07   5.77498511e-03
 4.07735149e+02   9.37185930e-01   2.11803688e-07   5.43871254e-03   2.14835150e-07   5.51969787e-03
 4.07822599e+02   9.37386935e-01   2.02053528e-07   5.18834713e-03   2.05172460e-07   5.27143715e-03
 4.07910049e+02   9.37587940e-01   1.93310867e-07   4.96385237e-03   1.96229666e-07   5.04167252e-03
 4.07997499e+02   9.37788945e-01   1.85894626e-07   4.77341752e-03   1.88364350e-07   4.83959120e-03
 4.08084948e+02   9.37989950e-01   1.79963901e-07   4.62112788e-03   1.81802878e-07   4.67100918e-03
 4.08172398e+02   9.38190955e-01   1.75505419e-07   4.50664262e-03   1.76617840e-07   4.53779149e-03
 4.08259848e+02   9.38391960e-01   1.72344023e-07   4.42546402e-03   1.72726854e-07   4.43782151e-03
 4.08347298e+02   9.38592965e-01   1.70173422e-07   4.36972716e-03   1.69911469e-07   4.36548663e-03
 4.08434748e+02   9.38793970e-01   1.68602052e-07   4.32937739e-03   1.67852532e-07   4.31258696e-03
 4.08522198e+02   9.38994975e-01   1.67207278e-07   4.29356227e-03   1.66175979e-07   4.26951175e-03
 4.08609648e+02   9.39195980e-01   1.65590526e-07   4.25204718e-03   1.64505356e-07   4.22658893e-03
 4.08697098e+02   9.39396985e-01   1.63426246e-07   4.19647260e-03   1.62497509e-07   4.17500189e-03
 4.08784548e+02   9.39597990e-01   1.60498790e-07   4.12130115e-03   1.59953770e-07   4.10964634e-03
 4.08871998e+02   9.39798995e-01   1.56723183e-07   4.02435080e-03   1.56428944e-07   4.01908398e-03
 4.08959447e+02   9.40000000e-01   0.00000000e+00   0.00000000e+00   0.00000000e+00   0.00000000e+00
