 3.91556918e+02   1.95794661e+25
 3.91644368e+02   7.69019970e+23
 3.91731818e+02   7.62110542e+24
 3.91819267e+02   4.05537477e+25
 3.91906717e+02   9.65304562e+25
 3.91994167e+02   1.69345254e+26
 3.92081617e+02   2.50338827e+26
 3.92169067e+02   3.29465812e+26
 3.92256517e+02   3.96583976e+26
 3.92343967e+02   4.42802202e+26
 3.92431417e+02   4.61710612e+26
 3.92518867e+02   4.50325507e+26
 3.92606317e+02   4.09613490e+26
 3.92693766e+02   3.44509909e+26
 3.92781216e+02   2.63410535e+26
 3.92868666e+02   1.77184264e+26
 3.92956116e+02   9.78197776e+25
 3.93043566e+02   3.68716884e+25
 3.93131016e+02   3.90450306e+24
 3.93218466e+02   5.14056544e+24
 3.93305916e+02   4.24991345e+25
 3.93393366e+02   1.13169319e+26
 3.93480815e+02   2.09794639e+26
 3.93568265e+02   3.21269245e+26
 3.93655715e+02   4.34065011e+26
 3.93743165e+02   5.33935320e+26
 3.93830615e+02   6.07785350e+26
 3.93918065e+02   6.45467994e+26
 3.94005515e+02   6.41264401e+26
 3.94092965e+02   5.94839630e+26
 3.94180415e+02   5.11524338e+26
 3.94267865e+02   4.01855973e+26
 3.94355314e+02   2.80407812e+26
 3.94442764e+02   1.64029340e+26
 3.94530214e+02   6.97046183e+25
 3.94617664e+02   1.22948215e+25
 3.94705114e+02   2.45846806e+24
 3.94792564e+02   4.50327601e+25
 3.94880014e+02   1.38111775e+26
 3.94967464e+02   2.72976402e+26
 3.95054914e+02   4.34926019e+26
 3.95142364e+02   6.04945556e+26
 3.95229813e+02   7.62028403e+26
 3.95317263e+02   8.85880582e+26
 3.95404713e+02   9.59667895e+26
 3.95492163e+02   9.72445247e+26
 3.95579613e+02   9.20930929e+26
 3.95667063e+02   8.10357480e+26
 3.95754513e+02   6.54238234e+26
 3.95841963e+02   4.73022561e+26
 3.95929413e+02   2.91757306e+26
 3.96016863e+02   1.37008567e+26
 3.96104312e+02   3.34087894e+25
 3.96191762e+02   2.63338954e+23
 3.96279212e+02   4.86671225e+25
 3.96366662e+02   1.79540541e+26
 3.96454112e+02   3.82897195e+26
 3.96541562e+02   6.38512849e+26
 3.96629012e+02   9.17992066e+26
 3.96716462e+02   1.18804619e+27
 3.96803912e+02   1.41462711e+27
 3.96891362e+02   1.56742779e+27
 3.96978811e+02   1.62418245e+27
 3.97066261e+02   1.57418945e+27
 3.97153711e+02   1.42054412e+27
 3.97241161e+02   1.18070291e+27
 3.97328611e+02   8.85191744e+26
 3.97416061e+02   5.74499373e+26
 3.97503511e+02   2.94434260e+26
 3.97590961e+02   9.04413166e+25
 3.97678411e+02   1.54396917e+24
 3.97765860e+02   5.46728541e+25
 3.97853310e+02   2.60147954e+26
 3.97940760e+02   6.08989449e+26
 3.98028210e+02   1.07254883e+27
 3.98115660e+02   1.60469253e+27
 3.98203110e+02   2.14646249e+27
 3.98290560e+02   2.63281697e+27
 3.98378010e+02   3.00075857e+27
 3.98465460e+02   3.19792447e+27
 3.98552910e+02   3.19057864e+27
 3.98640359e+02   2.96993153e+27
 3.98727809e+02   2.55583019e+27
 3.98815259e+02   1.99710700e+27
 3.98902709e+02   1.36822757e+27
 3.98990159e+02   7.62304841e+26
 3.99077609e+02   2.81001011e+26
 3.99165059e+02   2.22700581e+25
 3.99252509e+02   6.72485489e+25
 3.99339959e+02   4.67833578e+26
 3.99427409e+02   1.23655704e+27
 3.99514858e+02   2.34025435e+27
 3.99602308e+02   3.69873125e+27
 3.99689758e+02   5.18917406e+27
 3.99777208e+02   6.65646413e+27
 3.99864658e+02   7.92890367e+27
 3.99952108e+02   8.83820281e+27
 4.00039558e+02   9.24198936e+27
 4.00127008e+02   9.04665293e+27
 4.00214458e+02   8.22808118e+27
 4.00301908e+02   6.84783072e+27
 4.00389357e+02   5.06251604e+27
 4.00476807e+02   3.12469007e+27
 4.00564257e+02   1.37419498e+27
 4.00651707e+02   2.19823537e+26
 4.00739157e+02   1.12071850e+26
 4.00826607e+02   1.50869306e+27
 4.00914057e+02   4.83558595e+27
 4.01001507e+02   1.04461835e+28
 4.01088957e+02   1.85828729e+28
 4.01176406e+02   2.93440302e+28
 4.01263856e+02   4.26599704e+28
 4.01351306e+02   5.82805087e+28
 4.01438756e+02   7.57759431e+28
 4.01526206e+02   9.45521823e+28
 4.01613656e+02   1.13879537e+29
 4.01701106e+02   1.32933497e+29
 4.01788556e+02   1.50844711e+29
 4.01876006e+02   1.66754526e+29
 4.01963456e+02   1.79871842e+29
 4.02050905e+02   1.89526838e+29
 4.02138355e+02   1.95217278e+29
 4.02225805e+02   1.96643655e+29
 4.02313255e+02   1.93730319e+29
 4.02400705e+02   1.86630847e+29
 4.02488155e+02   1.75717214e+29
 4.02575605e+02   1.61553656e+29
 4.02663055e+02   1.44857359e+29
 4.02750505e+02   1.26449162e+29
 4.02837955e+02   1.07198241e+29
 4.02925404e+02   8.79651715e+28
 4.03012854e+02   6.95477745e+28
 4.03100304e+02   5.26338513e+28
 4.03187754e+02   3.77641774e+28
 4.03275204e+02   2.53081970e+28
 4.03362654e+02   1.54536992e+28
 4.03450104e+02   8.21054605e+27
 4.03537554e+02   3.42734344e+27
 4.03625004e+02   8.18914519e+26
 4.03712454e+02   1.63672446e+24
 4.03799903e+02   5.33201138e+26
 4.03887353e+02   1.95318353e+27
 4.03974803e+02   3.82097777e+27
 4.04062253e+02   5.74810586e+27
 4.04149703e+02   7.42262619e+27
 4.04237153e+02   8.62423377e+27
 4.04324603e+02   9.22959251e+27
 4.04412053e+02   9.20836611e+27
 4.04499503e+02   8.61123379e+27
 4.04586953e+02   7.55181688e+27
 4.04674402e+02   6.18485263e+27
 4.04761852e+02   4.68310558e+27
 4.04849302e+02   3.21540717e+27
 4.04936752e+02   1.92788700e+27
 4.05024202e+02   9.29952549e+26
 4.05111652e+02   2.85951775e+26
 4.05199102e+02   1.27854900e+25
 4.05286552e+02   8.30960756e+25
 4.05374002e+02   4.33109207e+26
 4.05461451e+02   9.73797040e+26
 4.05548901e+02   1.60379694e+27
 4.05636351e+02   2.22247153e+27
 4.05723801e+02   2.74162499e+27
 4.05811251e+02   3.09467046e+27
 4.05898701e+02   3.24243249e+27
 4.05986151e+02   3.17521657e+27
 4.06073601e+02   2.91123147e+27
 4.06161051e+02   2.49185836e+27
 4.06248501e+02   1.97458231e+27
 4.06335950e+02   1.42460576e+27
 4.06423400e+02   9.06236346e+26
 4.06510850e+02   4.75083456e+26
 4.06598300e+02   1.71924851e+26
 4.06685750e+02   1.88445013e+25
 4.06773200e+02   1.79310997e+25
 4.06860650e+02   1.52503129e+26
 4.06948100e+02   3.90529124e+26
 4.07035550e+02   6.89673785e+26
 4.07123000e+02   1.00324587e+27
 4.07210449e+02   1.28626508e+27
 4.07297899e+02   1.50090334e+27
 4.07385349e+02   1.62068040e+27
 4.07472799e+02   1.63298428e+27
 4.07560249e+02   1.53971753e+27
 4.07647699e+02   1.35610986e+27
 4.07735149e+02   1.10795823e+27
 4.07822599e+02   8.27731159e+26
 4.07910049e+02   5.50085768e+26
 4.07997499e+02   3.07385696e+26
 4.08084948e+02   1.25772927e+26
 4.08172398e+02   2.22467210e+25
 4.08259848e+02   3.05302210e+24
 4.08347298e+02   6.35092852e+25
 4.08434748e+02   1.89205688e+26
 4.08522198e+02   3.58357007e+26
 4.08609648e+02   5.44949416e+26
 4.08697098e+02   7.22247105e+26
 4.08784548e+02   8.66202091e+26
 4.08871998e+02   9.58346467e+26
 4.08959447e+02   0.00000000e+00
