 6.56945495e+02   1.51000000e+00   3.30526815e-08   2.13942696e-03   3.30634978e-08   2.12682159e-03
 6.57054808e+02   1.51025126e+00   3.37428000e-08   2.18409681e-03   3.36804013e-08   2.16650413e-03
 6.57164120e+02   1.51050251e+00   3.44680513e-08   2.23104072e-03   3.43620821e-08   2.21035350e-03
 6.57273432e+02   1.51075377e+00   3.52394245e-08   2.28097000e-03   3.51132197e-08   2.25867070e-03
 6.57382745e+02   1.51100503e+00   3.60615076e-08   2.33418162e-03   3.59262229e-08   2.31096743e-03
 6.57492057e+02   1.51125628e+00   3.69309320e-08   2.39045754e-03   3.67829347e-08   2.36607573e-03
 6.57601370e+02   1.51150754e+00   3.78366636e-08   2.44908355e-03   3.76589561e-08   2.42242612e-03
 6.57710682e+02   1.51175879e+00   3.87622525e-08   2.50899487e-03   3.85298406e-08   2.47844609e-03
 6.57819994e+02   1.51201005e+00   3.96897190e-08   2.56902772e-03   3.93779177e-08   2.53299896e-03
 6.57929307e+02   1.51226131e+00   4.06043538e-08   2.62823001e-03   4.01982847e-08   2.58576936e-03
 6.58038619e+02   1.51251256e+00   4.14994368e-08   2.68616675e-03   4.10025695e-08   2.63750528e-03
 6.58147931e+02   1.51276382e+00   4.23797996e-08   2.74315069e-03   4.18194339e-08   2.69005038e-03
 6.58257244e+02   1.51301508e+00   4.32633019e-08   2.80033784e-03   4.26913863e-08   2.74613904e-03
 6.58366556e+02   1.51326633e+00   4.41796516e-08   2.85965113e-03   4.36682095e-08   2.80897355e-03
 6.58475869e+02   1.51351759e+00   4.51665062e-08   2.92352805e-03   4.47980272e-08   2.88164948e-03
 6.58585181e+02   1.51376884e+00   4.62633641e-08   2.99452523e-03   4.61175953e-08   2.96653119e-03
 6.58694493e+02   1.51402010e+00   4.75042614e-08   3.07484577e-03   4.76436878e-08   3.06469765e-03
 6.58803806e+02   1.51427136e+00   4.89106398e-08   3.16587753e-03   4.93673706e-08   3.17557417e-03
 6.58913118e+02   1.51452261e+00   5.04858355e-08   3.26783646e-03   5.12525270e-08   3.29683755e-03
 6.59022430e+02   1.51477387e+00   5.22124309e-08   3.37959516e-03   5.32392501e-08   3.42463424e-03
 6.59131743e+02   1.51502513e+00   5.40532608e-08   3.49874802e-03   5.52518457e-08   3.55409519e-03
 6.59241055e+02   1.51527638e+00   5.59562334e-08   3.62192322e-03   5.72103147e-08   3.68007442e-03
 6.59350367e+02   1.51552764e+00   5.78623633e-08   3.74530279e-03   5.90434430e-08   3.79799107e-03
 6.59459680e+02   1.51577889e+00   5.97157475e-08   3.86526825e-03   6.07012241e-08   3.90462844e-03
 6.59568992e+02   1.51603015e+00   6.14737593e-08   3.97906047e-03   6.21643667e-08   3.99874563e-03
 6.59678305e+02   1.51628141e+00   6.31156005e-08   4.08533322e-03   6.34490961e-08   4.08138631e-03
 6.59787617e+02   1.51653266e+00   6.46475696e-08   4.18449419e-03   6.46062701e-08   4.15582196e-03
 6.59896929e+02   1.51678392e+00   6.61039589e-08   4.27876305e-03   6.57148698e-08   4.22713303e-03
 6.60006242e+02   1.51703518e+00   6.75432983e-08   4.37192830e-03   6.68709789e-08   4.30150018e-03
 6.60115554e+02   1.51728643e+00   6.90405668e-08   4.46884318e-03   6.81742572e-08   4.38533403e-03
 6.60224866e+02   1.51753769e+00   7.06768240e-08   4.57475449e-03   6.97144359e-08   4.48440659e-03
 6.60334179e+02   1.51778894e+00   7.25282918e-08   4.69459591e-03   7.15604231e-08   4.60315039e-03
 6.60443491e+02   1.51804020e+00   7.46571155e-08   4.83238996e-03   7.37541558e-08   4.74426305e-03
 6.60552804e+02   1.51829146e+00   7.71057777e-08   4.99088645e-03   7.63104515e-08   4.90869770e-03
 6.60662116e+02   1.51854271e+00   7.98964652e-08   5.17152147e-03   7.92229485e-08   5.09604514e-03
 6.60771428e+02   1.51879397e+00   8.30356908e-08   5.37471660e-03   8.24749941e-08   5.30523416e-03
 6.60880741e+02   1.51904523e+00   8.65233489e-08   5.60046500e-03   8.60532865e-08   5.53540913e-03
 6.60990053e+02   1.51929648e+00   9.03643428e-08   5.84908404e-03   8.99614163e-08   5.78680101e-03
 6.61099365e+02   1.51954774e+00   9.45801960e-08   6.12196689e-03   9.42303234e-08   6.06140002e-03
 6.61208678e+02   1.51979899e+00   9.92178161e-08   6.42214978e-03   9.89231556e-08   6.36326817e-03
 6.61317990e+02   1.52005025e+00   1.04352914e-07   6.75453329e-03   1.04132999e-07   6.69839328e-03
 6.61427303e+02   1.52030151e+00   1.10086465e-07   7.12565340e-03   1.09973308e-07   7.07407327e-03
 6.61536615e+02   1.52055276e+00   1.16533930e-07   7.54298353e-03   1.16562311e-07   7.49791329e-03
 6.61645927e+02   1.52080402e+00   1.23808438e-07   8.01384632e-03   1.24003994e-07   7.97660229e-03
 6.61755240e+02   1.52105528e+00   1.32000597e-07   8.54410669e-03   1.32369114e-07   8.51469170e-03
 6.61864552e+02   1.52130653e+00   1.41158619e-07   9.13688517e-03   1.41679979e-07   9.11361645e-03
 6.61973864e+02   1.52155779e+00   1.51272871e-07   9.79155836e-03   1.51902291e-07   9.77117046e-03
 6.62083177e+02   1.52180905e+00   1.62268661e-07   1.05032915e-02   1.62946296e-07   1.04815801e-02
 6.62192489e+02   1.52206030e+00   1.74009912e-07   1.12632767e-02   1.74677882e-07   1.12362186e-02
 6.62301802e+02   1.52231156e+00   1.86314700e-07   1.20597384e-02   1.86938588e-07   1.20248931e-02
 6.62411114e+02   1.52256281e+00   1.98981511e-07   1.28796331e-02   1.99571765e-07   1.28375268e-02
 6.62520426e+02   1.52281407e+00   2.11823023e-07   1.37108358e-02   2.12450958e-07   1.36659856e-02
 6.62629739e+02   1.52306533e+00   2.24702533e-07   1.45444980e-02   2.25506021e-07   1.45057573e-02
 6.62739051e+02   1.52331658e+00   2.37567225e-07   1.53772010e-02   2.38742692e-07   1.53572110e-02
 6.62848363e+02   1.52356784e+00   2.50472515e-07   1.62125319e-02   2.52252391e-07   1.62262273e-02
 6.62957676e+02   1.52381910e+00   2.63592791e-07   1.70617783e-02   2.66210625e-07   1.71240958e-02
 6.63066988e+02   1.52407035e+00   2.77215890e-07   1.79435714e-02   2.80864331e-07   1.80667008e-02
 6.63176301e+02   1.52432161e+00   2.91721248e-07   1.88824712e-02   2.96510438e-07   1.90731424e-02
 6.63285613e+02   1.52457286e+00   3.07544527e-07   1.99066770e-02   3.13469431e-07   2.01640358e-02
 6.63394925e+02   1.52482412e+00   3.25133972e-07   2.10452028e-02   3.32058625e-07   2.13597925e-02
 6.63504238e+02   1.52507538e+00   3.44905534e-07   2.23249723e-02   3.52569797e-07   2.26791811e-02
 6.63613550e+02   1.52532663e+00   3.67204316e-07   2.37683232e-02   3.75254986e-07   2.41384142e-02
 6.63722862e+02   1.52557789e+00   3.92279201e-07   2.53913650e-02   4.00322667e-07   2.57509020e-02
 6.63832175e+02   1.52582915e+00   4.20275461e-07   2.72035010e-02   4.27944436e-07   2.75276824e-02
 6.63941487e+02   1.52608040e+00   4.51247210e-07   2.92082338e-02   4.58270273e-07   2.94784029e-02
 6.64050800e+02   1.52633166e+00   4.85188020e-07   3.14051474e-02   4.91448693e-07   3.16126169e-02
 6.64160112e+02   1.52658291e+00   5.22074682e-07   3.37927394e-02   5.27647086e-07   3.39410918e-02
 6.64269424e+02   1.52683417e+00   5.61916443e-07   3.63716085e-02   5.67067434e-07   3.64768201e-02
 6.64378737e+02   1.52708543e+00   6.04800670e-07   3.91474096e-02   6.09953515e-07   3.92354830e-02
 6.64488049e+02   1.52733668e+00   6.50926086e-07   4.21330058e-02   6.56587477e-07   4.22352296e-02
 6.64597361e+02   1.52758794e+00   7.00616630e-07   4.53493648e-02   7.07275977e-07   4.54957859e-02
 6.64706674e+02   1.52783920e+00   7.54312219e-07   4.88249615e-02   7.62328522e-07   4.90370610e-02
 6.64815986e+02   1.52809045e+00   8.12536943e-07   5.25937191e-02   8.22032740e-07   5.28775567e-02
 6.64925298e+02   1.52834171e+00   8.75849593e-07   5.66918069e-02   8.86632588e-07   5.70329656e-02
 6.65034611e+02   1.52859296e+00   9.44785261e-07   6.11538602e-02   9.56315677e-07   6.15153557e-02
 6.65143923e+02   1.52884422e+00   1.01979928e-06   6.60093519e-02   1.03121487e-06   6.63332738e-02
 6.65253236e+02   1.52909548e+00   1.10122540e-06   7.12798846e-02   1.11142714e-06   7.14929570e-02
 6.65362548e+02   1.52934673e+00   1.18925862e-06   7.69780798e-02   1.19704966e-06   7.70006573e-02
 6.65471860e+02   1.52959799e+00   1.28396963e-06   8.31085142e-02   1.28823004e-06   8.28658683e-02
 6.65581173e+02   1.52984925e+00   1.38535285e-06   8.96708259e-02   1.38522425e-06   8.91050565e-02
 6.65690485e+02   1.53010050e+00   1.49340405e-06   9.66647413e-02   1.48845417e-06   9.57453590e-02
 6.65799797e+02   1.53035176e+00   1.60821821e-06   1.04096407e-01   1.59855532e-06   1.02827656e-01
 6.65909110e+02   1.53060302e+00   1.73009352e-06   1.11985127e-01   1.71640643e-06   1.10408472e-01
 6.66018422e+02   1.53085427e+00   1.85962542e-06   1.20369441e-01   1.84313458e-06   1.18560306e-01
 6.66127735e+02   1.53110553e+00   1.99777422e-06   1.29311506e-01   1.98009305e-06   1.27370210e-01
 6.66237047e+02   1.53135678e+00   2.14589325e-06   1.38898923e-01   2.12881347e-06   1.36936705e-01
 6.66346359e+02   1.53160804e+00   2.30570960e-06   1.49243482e-01   2.29093790e-06   1.47365418e-01
 6.66455672e+02   1.53185930e+00   2.47925652e-06   1.60476791e-01   2.46814017e-06   1.58764019e-01
 6.66564984e+02   1.53211055e+00   2.66876424e-06   1.72743206e-01   2.66204818e-06   1.71237223e-01
 6.66674296e+02   1.53236181e+00   2.87652297e-06   1.86190969e-01   2.87417895e-06   1.84882613e-01
 6.66783609e+02   1.53261307e+00   3.10473688e-06   2.00962751e-01   3.10589717e-06   1.99787971e-01
 6.66892921e+02   1.53286432e+00   3.35539016e-06   2.17186983e-01   3.35840381e-06   2.16030554e-01
 6.67002234e+02   1.53311558e+00   3.63014500e-06   2.34971257e-01   3.63275712e-06   2.33678430e-01
 6.67111546e+02   1.53336683e+00   3.93028660e-06   2.54398759e-01   3.92992164e-06   2.52793647e-01
 6.67220858e+02   1.53361809e+00   4.25672261e-06   2.75528239e-01   4.25083602e-06   2.73436582e-01
 6.67330171e+02   1.53386935e+00   4.61003479e-06   2.98397355e-01   4.59648458e-06   2.95670552e-01
 6.67439483e+02   1.53412060e+00   4.99057054e-06   3.23028593e-01   4.96795524e-06   3.19565538e-01
 6.67548795e+02   1.53437186e+00   5.39855287e-06   3.49436386e-01   5.36646498e-06   3.45199823e-01
 6.67658108e+02   1.53462312e+00   5.83418106e-06   3.77633636e-01   5.79333603e-06   3.72658459e-01
 6.67767420e+02   1.53487437e+00   6.29769212e-06   4.07635681e-01   6.24991011e-06   4.02027754e-01
 6.67876733e+02   1.53512563e+00   6.78935499e-06   4.39459931e-01   6.73739452e-06   4.33385367e-01
 6.67986045e+02   1.53537688e+00   7.30937707e-06   4.73119810e-01   7.25664186e-06   4.66786142e-01
 6.68095357e+02   1.53562814e+00   7.85771329e-06   5.08612401e-01   7.80787328e-06   5.02244304e-01
 6.68204670e+02   1.53587940e+00   8.43378249e-06   5.45900087e-01   8.39036384e-06   5.39713223e-01
 6.68313982e+02   1.53613065e+00   9.03611057e-06   5.84887451e-01   9.00211491e-06   5.79064334e-01
 6.68423294e+02   1.53638191e+00   9.66193434e-06   6.25395639e-01   9.63954353e-06   6.20067164e-01
 6.68532607e+02   1.53663317e+00   1.03068110e-05   6.67137080e-01   1.02972210e-05   6.62372508e-01
 6.68641919e+02   1.53688442e+00   1.09642846e-05   7.09693894e-01   1.09676919e-05   7.05500791e-01
 6.68751232e+02   1.53713568e+00   1.16256615e-05   7.52503353e-01   1.16414012e-05   7.48837388e-01
 6.68860544e+02   1.53738693e+00   1.22799400e-05   7.94853354e-01   1.23067517e-05   7.91636303e-01
 6.68969856e+02   1.53763819e+00   1.29139300e-05   8.35890123e-01   1.29503041e-05   8.33033046e-01
 6.69079169e+02   1.53788945e+00   1.35125774e-05   8.74639246e-01   1.35571235e-05   8.72066926e-01
 6.69188481e+02   1.53814070e+00   1.40594926e-05   9.10039860e-01   1.41112653e-05   9.07712299e-01
 6.69297793e+02   1.53839196e+00   1.45376579e-05   9.40990443e-01   1.45963817e-05   9.38917594e-01
 6.69407106e+02   1.53864322e+00   1.49302711e-05   9.66403424e-01   1.49964221e-05   9.64650339e-01
 6.69516418e+02   1.53889447e+00   1.52216658e-05   9.85264758e-01   1.52963891e-05   9.83945822e-01
 6.69625730e+02   1.53914573e+00   1.53982395e-05   9.96693984e-01   1.54831086e-05   9.95956625e-01
 6.69735043e+02   1.53939698e+00   1.54493152e-05   1.00000000e+00   1.55459668e-05   1.00000000e+00
 6.69844355e+02   1.53964824e+00   1.53678671e-05   9.94728049e-01   1.54775643e-05   9.95599984e-01
 6.69953668e+02   1.53989950e+00   1.51510511e-05   9.80694026e-01   1.52742436e-05   9.82521309e-01
 6.70062980e+02   1.54015075e+00   1.48004945e-05   9.58003274e-01   1.49364483e-05   9.60792498e-01
 6.70172292e+02   1.54040201e+00   1.43223229e-05   9.27052281e-01   1.44688818e-05   9.30716112e-01
 6.70281605e+02   1.54065327e+00   1.37269193e-05   8.88513125e-01   1.38804475e-05   8.92864860e-01
 6.70390917e+02   1.54090452e+00   1.30284366e-05   8.43301885e-01   1.31839620e-05   8.48063181e-01
 6.70500229e+02   1.54115578e+00   1.22440994e-05   7.92533474e-01   1.23956526e-05   7.97354890e-01
 6.70609542e+02   1.54140704e+00   1.13933500e-05   7.37466348e-01   1.15344619e-05   7.41958481e-01
 6.70718854e+02   1.54165829e+00   1.04969005e-05   6.79441155e-01   1.06212008e-05   6.83212628e-01
 6.70828167e+02   1.54190955e+00   9.57575870e-06   6.19817681e-01   9.67760069e-06   6.22515204e-01
 6.70937479e+02   1.54216080e+00   8.65029279e-06   5.59914319e-01   8.72532481e-06   5.61259710e-01
 6.71046791e+02   1.54241206e+00   7.73939346e-06   5.00953821e-01   7.78500438e-06   5.00773254e-01
 6.71156104e+02   1.54266332e+00   6.85977982e-06   4.44018375e-01   6.87536204e-06   4.42260178e-01
 6.71265416e+02   1.54291457e+00   6.02548209e-06   3.90016128e-01   6.01247995e-06   3.86754972e-01
 6.71374728e+02   1.54316583e+00   5.24751816e-06   3.39660244e-01   5.20925780e-06   3.35087414e-01
 6.71484041e+02   1.54341709e+00   4.53376543e-06   2.93460608e-01   4.47509064e-06   2.87861842e-01
 6.71593353e+02   1.54366834e+00   3.88901528e-06   2.51727357e-01   3.81577811e-06   2.45451323e-01
 6.71702666e+02   1.54391960e+00   3.31518587e-06   2.14584648e-01   3.23365775e-06   2.08006218e-01
 6.71811978e+02   1.54417085e+00   2.81166040e-06   1.81992558e-01   2.72793678e-06   1.75475531e-01
 6.71921290e+02   1.54442211e+00   2.37571304e-06   1.53774650e-01   2.29518183e-06   1.47638411e-01
 6.72030603e+02   1.54467337e+00   2.00298321e-06   1.29648673e-01   1.92991513e-06   1.24142496e-01
 6.72139915e+02   1.54492462e+00   1.68796073e-06   1.09257965e-01   1.62526028e-06   1.04545462e-01
 6.72249227e+02   1.54517588e+00   1.42444893e-06   9.22014284e-02   1.37358137e-06   8.83561244e-02
 6.72358540e+02   1.54542714e+00   1.20597923e-06   7.80603682e-02   1.16706489e-06   7.50718759e-02
 6.72467852e+02   1.54567839e+00   1.02615842e-06   6.64209647e-02   9.98204735e-07   6.42098847e-02
 6.72577165e+02   1.54592965e+00   8.78937861e-07   5.68917037e-02   8.60164466e-07   5.53303939e-02
 6.72686477e+02   1.54618090e+00   7.58801831e-07   4.91155642e-02   7.47005983e-07   4.80514331e-02
 6.72795789e+02   1.54643216e+00   6.60878735e-07   4.27772187e-02   6.53788917e-07   4.20552112e-02
 6.72905102e+02   1.54668342e+00   5.80984539e-07   3.76058441e-02   5.76557615e-07   3.70872795e-02
 6.73014414e+02   1.54693467e+00   5.15611363e-07   3.33743831e-02   5.12241944e-07   3.29501504e-02
 6.73123726e+02   1.54718593e+00   4.61876126e-07   2.98962200e-02   4.58503182e-07   2.94933849e-02
 6.73233039e+02   1.54743719e+00   4.17444340e-07   2.70202488e-02   4.13556838e-07   2.66021949e-02
 6.73342351e+02   1.54768844e+00   3.80442890e-07   2.46252268e-02   3.76000838e-07   2.41863914e-02
 6.73451664e+02   1.54793970e+00   3.49373239e-07   2.26141570e-02   3.44670870e-07   2.21710798e-02
 6.73560976e+02   1.54819095e+00   3.23033394e-07   2.09092371e-02   3.18536277e-07   2.04899625e-02
 6.73670288e+02   1.54844221e+00   3.00453623e-07   1.94476985e-02   2.96640891e-07   1.90815338e-02
 6.73779601e+02   1.54869347e+00   2.80847702e-07   1.81786505e-02   2.78085156e-07   1.78879294e-02
 6.73888913e+02   1.54894472e+00   2.63578766e-07   1.70608706e-02   2.62039672e-07   1.68557978e-02
 6.73998225e+02   1.54919598e+00   2.48136934e-07   1.60613549e-02   2.47776760e-07   1.59383307e-02
 6.74107538e+02   1.54944724e+00   2.34124775e-07   1.51543788e-02   2.34705857e-07   1.50975401e-02
 6.74216850e+02   1.54969849e+00   2.21246554e-07   1.43208000e-02   2.22400372e-07   1.43059853e-02
 6.74326163e+02   1.54994975e+00   2.09297709e-07   1.35473777e-02   2.10607377e-07   1.35473966e-02
 6.74435475e+02   1.55020101e+00   1.98152175e-07   1.28259520e-02   1.99236289e-07   1.28159472e-02
 6.74544787e+02   1.55045226e+00   1.87746506e-07   1.21524161e-02   1.88327671e-07   1.21142463e-02
 6.74654100e+02   1.55070352e+00   1.78061156e-07   1.15255048e-02   1.78007372e-07   1.14503893e-02
 6.74763412e+02   1.55095477e+00   1.69100366e-07   1.09454927e-02   1.68434020e-07   1.08345800e-02
 6.74872724e+02   1.55120603e+00   1.60872835e-07   1.04129428e-02   1.59748779e-07   1.02758987e-02
 6.74982037e+02   1.55145729e+00   1.53375469e-07   9.92765490e-03   1.52035487e-07   9.77973833e-03
 6.75091349e+02   1.55170854e+00   1.46582212e-07   9.48794235e-03   1.45296974e-07   9.34628103e-03
 6.75200661e+02   1.55195980e+00   1.40439144e-07   9.09031518e-03   1.39450125e-07   8.97018033e-03
 6.75309974e+02   1.55221106e+00   1.34866096e-07   8.72958412e-03   1.34338752e-07   8.64138937e-03
 6.75419286e+02   1.55246231e+00   1.29763914e-07   8.39933114e-03   1.29760245e-07   8.34687525e-03
 6.75528599e+02   1.55271357e+00   1.25025668e-07   8.09263494e-03   1.25499814e-07   8.07282146e-03
 6.75637911e+02   1.55296482e+00   1.20549497e-07   7.80290233e-03   1.21365236e-07   7.80686320e-03
 6.75747223e+02   1.55321608e+00   1.16250638e-07   7.52464664e-03   1.17215500e-07   7.53992993e-03
 6.75856536e+02   1.55346734e+00   1.12070434e-07   7.25407129e-03   1.12978363e-07   7.26737451e-03
 6.75965848e+02   1.55371859e+00   1.07980815e-07   6.98935935e-03   1.08654260e-07   6.98922500e-03
 6.76075160e+02   1.55396985e+00   1.03983574e-07   6.73062675e-03   1.04306755e-07   6.70957019e-03
 6.76184473e+02   1.55422111e+00   1.00104764e-07   6.47955998e-03   1.00042206e-07   6.43525148e-03
 6.76293785e+02   1.55447236e+00   9.63854201e-08   6.23881505e-03   9.59831588e-08   6.17415180e-03
 6.76403098e+02   1.55472362e+00   9.28703850e-08   6.01129460e-03   9.22408786e-08   5.93342826e-03
 6.76512410e+02   1.55497487e+00   8.95973327e-08   5.79943717e-03   8.88921994e-08   5.71802324e-03
 6.76621722e+02   1.55522613e+00   8.65879218e-08   5.60464466e-03   8.59647541e-08   5.52971425e-03
 6.76731035e+02   1.55547739e+00   8.38425633e-08   5.42694367e-03   8.34327940e-08   5.36684499e-03
 6.76840347e+02   1.55572864e+00   8.13395544e-08   5.26492945e-03   8.12236737e-08   5.22474252e-03
 6.76949659e+02   1.55597990e+00   7.90385042e-08   5.11598755e-03   7.92330618e-08   5.09669568e-03
 6.77058972e+02   1.55623116e+00   7.68871921e-08   4.97673788e-03   7.73454037e-08   4.97527138e-03
 6.77168284e+02   1.55648241e+00   7.48304124e-08   4.84360708e-03   7.54553880e-08   4.85369543e-03
 6.77277597e+02   1.55673367e+00   7.28190532e-08   4.71341625e-03   7.34862330e-08   4.72702882e-03
 6.77386909e+02   1.55698492e+00   7.08176987e-08   4.58387300e-03   7.14014718e-08   4.59292579e-03
 6.77496221e+02   1.55723618e+00   6.88093941e-08   4.45387989e-03   6.92083512e-08   4.45185250e-03
 6.77605534e+02   1.55748744e+00   6.67968020e-08   4.32360925e-03   6.69526771e-08   4.30675545e-03
 6.77714846e+02   1.55773869e+00   6.47996912e-08   4.19434068e-03   6.47065877e-08   4.16227492e-03
 6.77824158e+02   1.55798995e+00   6.28493902e-08   4.06810201e-03   6.25520084e-08   4.02368082e-03
 6.77933471e+02   1.55824121e+00   6.09813801e-08   3.94718985e-03   6.05632158e-08   3.89575101e-03
 6.78042783e+02   1.55849246e+00   5.92275064e-08   3.83366549e-03   5.87919614e-08   3.78181442e-03
 6.78152096e+02   1.55874372e+00   5.76092959e-08   3.72892230e-03   5.72576672e-08   3.68312039e-03
 6.78261408e+02   1.55899497e+00   5.61335972e-08   3.63340359e-03   5.59456095e-08   3.59872180e-03
 6.78370720e+02   1.55924623e+00   5.47912690e-08   3.54651765e-03   5.48054585e-08   3.52538116e-03
 6.78480033e+02   1.55949749e+00   5.35590332e-08   3.46675775e-03   5.37944620e-08   3.46034845e-03
 6.78589345e+02   1.55974874e+00   5.24040011e-08   3.39199508e-03   5.26979152e-08   3.38981267e-03
 6.78698657e+02   1.56000000e+00   0.00000000e+00   0.00000000e+00   0.00000000e+00   0.00000000e+00
