 6.56945495e+02   1.97042454e+26
 6.57054808e+02   1.59688491e+26
 6.57164120e+02   1.11281457e+26
 6.57273432e+02   6.19380350e+25
 6.57382745e+02   2.23616447e+25
 6.57492057e+02   1.63968051e+24
 6.57601370e+02   5.29305545e+24
 6.57710682e+02   3.39919347e+25
 6.57819994e+02   8.32293170e+25
 6.57929307e+02   1.44057009e+26
 6.58038619e+02   2.04772666e+26
 6.58147931e+02   2.53245384e+26
 6.58257244e+02   2.79422903e+26
 6.58366556e+02   2.77507823e+26
 6.58475869e+02   2.47338271e+26
 6.58585181e+02   1.94654417e+26
 6.58694493e+02   1.30149925e+26
 6.58803806e+02   6.74547517e+25
 6.58913118e+02   2.04229948e+25
 6.59022430e+02   2.58931167e+23
 6.59131743e+02   1.30703872e+25
 6.59241055e+02   5.83752262e+25
 6.59350367e+02   1.28912089e+26
 6.59459680e+02   2.11851834e+26
 6.59568992e+02   2.91220465e+26
 6.59678305e+02   3.51085215e+26
 6.59787617e+02   3.78877453e+26
 6.59896929e+02   3.68169434e+26
 6.60006242e+02   3.20303728e+26
 6.60115554e+02   2.44483815e+26
 6.60224866e+02   1.56234467e+26
 6.60334179e+02   7.44735740e+25
 6.60443491e+02   1.77358163e+25
 6.60552804e+02   2.90196518e+23
 6.60662116e+02   2.89515043e+25
 6.60771428e+02   1.01281731e+26
 6.60880741e+02   2.05624643e+26
 6.60990053e+02   3.23059936e+26
 6.61099365e+02   4.30970832e+26
 6.61208678e+02   5.07569531e+26
 6.61317990e+02   5.36492624e+26
 6.61427303e+02   5.10517157e+26
 6.61536615e+02   4.33578955e+26
 6.61645927e+02   3.20581399e+26
 6.61755240e+02   1.94911302e+26
 6.61864552e+02   8.40477261e+25
 6.61973864e+02   1.40652468e+25
 6.62083177e+02   4.10728044e+24
 6.62192489e+02   6.19734566e+25
 6.62301802e+02   1.81802049e+26
 6.62411114e+02   3.44454295e+26
 6.62520426e+02   5.20686391e+26
 6.62629739e+02   6.76625063e+26
 6.62739051e+02   7.80557495e+26
 6.62848363e+02   8.09713223e+26
 6.62957676e+02   7.55632931e+26
 6.63066988e+02   6.26919356e+26
 6.63176301e+02   4.48625570e+26
 6.63285613e+02   2.58178589e+26
 6.63394925e+02   9.84423903e+25
 6.63504238e+02   9.15445478e+24
 6.63613550e+02   1.83906601e+25
 6.63722862e+02   1.35825135e+26
 6.63832175e+02   3.49310718e+26
 6.63941487e+02   6.25736252e+26
 6.64050800e+02   9.16311253e+26
 6.64160112e+02   1.16553263e+27
 6.64269424e+02   1.32227653e+27
 6.64378737e+02   1.35090093e+27
 6.64488049e+02   1.24007311e+27
 6.64597361e+02   1.00731374e+27
 6.64706674e+02   6.97956315e+26
 6.64815986e+02   3.78247541e+26
 6.64925298e+02   1.23483140e+26
 6.65034611e+02   3.16057653e+24
 6.65143923e+02   6.59138476e+25
 6.65253236e+02   3.27293360e+26
 6.65362548e+02   7.63166122e+26
 6.65471860e+02   1.31064366e+27
 6.65581173e+02   1.87711710e+27
 6.65690485e+02   2.35640990e+27
 6.65799797e+02   2.64953385e+27
 6.65909110e+02   2.68635389e+27
 6.66018422e+02   2.44389342e+27
 6.66127735e+02   1.95721305e+27
 6.66237047e+02   1.31980756e+27
 6.66346359e+02   6.72176693e+26
 6.66455672e+02   1.79378396e+26
 6.66564984e+02   6.09750611e+23
 6.66674296e+02   2.55770707e+26
 6.66783609e+02   9.95163354e+26
 6.66892921e+02   2.17867209e+27
 6.67002234e+02   3.66982067e+27
 6.67111546e+02   5.24806542e+27
 6.67220858e+02   6.63981191e+27
 6.67330171e+02   7.56535781e+27
 6.67439483e+02   7.79579620e+27
 6.67548795e+02   7.21141949e+27
 6.67658108e+02   5.85182972e+27
 6.67767420e+02   3.94812035e+27
 6.67876733e+02   1.92925459e+27
 6.67986045e+02   3.97978909e+26
 6.68095357e+02   7.58794565e+25
 6.68204670e+02   1.72191641e+27
 6.68313982e+02   6.03324500e+27
 6.68423294e+02   1.35406335e+28
 6.68532607e+02   2.45127087e+28
 6.68641919e+02   3.88832015e+28
 6.68751232e+02   5.62132165e+28
 6.68860544e+02   7.56965139e+28
 6.68969856e+02   9.62103737e+28
 6.69079169e+02   1.16408540e+29
 6.69188481e+02   1.34846882e+29
 6.69297793e+02   1.50127614e+29
 6.69407106e+02   1.61044916e+29
 6.69516418e+02   1.66714071e+29
 6.69625730e+02   1.66667926e+29
 6.69735043e+02   1.60908453e+29
 6.69844355e+02   1.49906770e+29
 6.69953668e+02   1.34551618e+29
 6.70062980e+02   1.16052818e+29
 6.70172292e+02   9.58119157e+28
 6.70281605e+02   7.52762163e+28
 6.70390917e+02   5.57941224e+28
 6.70500229e+02   3.84890215e+28
 6.70609542e+02   2.41659761e+28
 6.70718854e+02   1.32606794e+28
 6.70828167e+02   5.83425255e+27
 6.70937479e+02   1.61134739e+27
 6.71046791e+02   5.35490581e+25
 6.71156104e+02   4.55980239e+26
 6.71265416e+02   2.05281866e+27
 6.71374728e+02   4.11735410e+27
 6.71484041e+02   6.04413092e+27
 6.71593353e+02   7.40424878e+27
 6.71702666e+02   7.96941570e+27
 6.71811978e+02   7.70513783e+27
 6.71921290e+02   6.73776592e+27
 6.72030603e+02   5.30339020e+27
 6.72139915e+02   3.68837526e+27
 6.72249227e+02   2.17149836e+27
 6.72358540e+02   9.76304496e+26
 6.72467852e+02   2.39753881e+26
 6.72577165e+02   7.50526801e+21
 6.72686477e+02   2.02840693e+26
 6.72795789e+02   7.23236673e+26
 6.72905102e+02   1.39662504e+27
 6.73014414e+02   2.05325531e+27
 6.73123726e+02   2.54939232e+27
 6.73233039e+02   2.79024989e+27
 6.73342351e+02   2.74154358e+27
 6.73451664e+02   2.42884573e+27
 6.73560976e+02   1.92614588e+27
 6.73670288e+02   1.33678397e+27
 6.73779601e+02   7.70968123e+26
 6.73888913e+02   3.24295609e+26
 6.73998225e+02   6.10992755e+25
 6.74107538e+02   5.21694676e+24
 6.74216850e+02   1.39197570e+26
 6.74326163e+02   4.11327365e+26
 6.74435475e+02   7.48478459e+26
 6.74544787e+02   1.07188018e+27
 6.74654100e+02   1.31261510e+27
 6.74763412e+02   1.42395509e+27
 6.74872724e+02   1.38847338e+27
 6.74982037e+02   1.21900753e+27
 6.75091349e+02   9.53772398e+26
 6.75200661e+02   6.46998946e+26
 6.75309974e+02   3.57215273e+26
 6.75419286e+02   1.35576218e+26
 6.75528599e+02   1.64652850e+25
 6.75637911e+02   1.20036263e+25
 6.75747223e+02   1.11243664e+26
 6.75856536e+02   2.83878646e+26
 6.75965848e+02   4.87448329e+26
 6.76075160e+02   6.76419638e+26
 6.76184473e+02   8.11267630e+26
 6.76293785e+02   8.65802470e+26
 6.76403098e+02   8.31436494e+26
 6.76512410e+02   7.17756201e+26
 6.76621722e+02   5.49515824e+26
 6.76731035e+02   3.60853348e+26
 6.76840347e+02   1.88019470e+26
 6.76949659e+02   6.21222848e+25
 6.77058972e+02   3.30046450e+24
 6.77168284e+02   1.73797682e+25
 6.77277597e+02   9.55256361e+25
 6.77386909e+02   2.16793121e+26
 6.77496221e+02   3.52916385e+26
 6.77605534e+02   4.74278744e+26
 6.77714846e+02   5.55830251e+26
 6.77824158e+02   5.81794840e+26
 6.77933471e+02   5.48305949e+26
 6.78042783e+02   4.63559084e+26
 6.78152096e+02   3.45577108e+26
 6.78261408e+02   2.18147324e+26
 6.78370720e+02   1.05820551e+26
 6.78480033e+02   2.90032549e+25
 6.78589345e+02   1.05787926e+23
 6.78698657e+02   0.00000000e+00
