 1.13116443e+02   2.60000000e-01   4.21664737e-08   3.26471076e-04   4.18516588e-08   3.23207041e-04
 1.13174548e+02   2.60133556e-01   4.82303424e-08   3.73420169e-04   4.79448204e-08   3.70262589e-04
 1.13232653e+02   2.60267112e-01   5.43464564e-08   4.20773769e-04   5.41096982e-08   4.17871978e-04
 1.13290759e+02   2.60400668e-01   6.01708415e-08   4.65868678e-04   5.99994759e-08   4.63356857e-04
 1.13348864e+02   2.60534224e-01   6.53734544e-08   5.06149557e-04   6.52804998e-08   5.04140524e-04
 1.13406969e+02   2.60667780e-01   6.96577152e-08   5.39320157e-04   6.96517352e-08   5.37898183e-04
 1.13465075e+02   2.60801336e-01   7.27782660e-08   5.63480811e-04   7.28628235e-08   5.62696397e-04
 1.13523180e+02   2.60934891e-01   7.45558939e-08   5.77243975e-04   7.47292848e-08   5.77110483e-04
 1.13581285e+02   2.61068447e-01   7.48887164e-08   5.79820830e-04   7.51440091e-08   5.80313267e-04
 1.13639390e+02   2.61202003e-01   7.37589336e-08   5.71073563e-04   7.40843164e-08   5.72129598e-04
 1.13697496e+02   2.61335559e-01   7.12347095e-08   5.51529929e-04   7.16141268e-08   5.53053109e-04
 1.13755601e+02   2.61469115e-01   6.74670218e-08   5.22358861e-04   6.78810666e-08   5.24223873e-04
 1.13813706e+02   2.61602671e-01   6.26816160e-08   4.85308180e-04   6.31086293e-08   4.87367859e-04
 1.13871811e+02   2.61736227e-01   5.71664880e-08   4.42607673e-04   5.75838022e-08   4.44701378e-04
 1.13929917e+02   2.61869783e-01   5.12555837e-08   3.96842896e-04   5.16408404e-08   3.98805775e-04
 1.13988022e+02   2.62003339e-01   4.53096370e-08   3.50806805e-04   4.56421008e-08   3.52479418e-04
 1.14046127e+02   2.62136895e-01   3.96952401e-08   3.07337716e-04   3.99570334e-08   3.08575452e-04
 1.14104233e+02   2.62270451e-01   3.47633585e-08   2.69152956e-04   3.49405430e-08   2.69834694e-04
 1.14162338e+02   2.62404007e-01   3.08285464e-08   2.38687939e-04   3.09119862e-08   2.38723432e-04
 1.14220443e+02   2.62537563e-01   2.81500884e-08   2.17950159e-04   2.81360423e-08   2.17285700e-04
 1.14278548e+02   2.62671119e-01   2.69161964e-08   2.08396833e-04   2.68066007e-08   2.07018846e-04
 1.14336654e+02   2.62804674e-01   2.72322191e-08   2.10843618e-04   2.70346411e-08   2.08779929e-04
 1.14394759e+02   2.62938230e-01   2.91135980e-08   2.25410066e-04   2.88408593e-08   2.22728777e-04
 1.14452864e+02   2.63071786e-01   3.24840324e-08   2.51505428e-04   3.21535196e-08   2.48311399e-04
 1.14510969e+02   2.63205342e-01   3.71790151e-08   2.87856014e-04   3.68117149e-08   2.84285158e-04
 1.14569075e+02   2.63338898e-01   4.29545855e-08   3.32572978e-04   4.25738973e-08   3.28784659e-04
 1.14627180e+02   2.63472454e-01   4.95008423e-08   3.83256929e-04   4.91312353e-08   3.79424894e-04
 1.14685285e+02   2.63606010e-01   5.64594709e-08   4.37133642e-04   5.61250624e-08   4.33435994e-04
 1.14743391e+02   2.63739566e-01   6.34442987e-08   4.91213199e-04   6.31674356e-08   4.87822002e-04
 1.14801496e+02   2.63873122e-01   7.00637028e-08   5.42463488e-04   6.98636303e-08   5.39534582e-04
 1.14859601e+02   2.64006678e-01   7.59435755e-08   5.87988006e-04   7.58352706e-08   5.85651660e-04
 1.14917706e+02   2.64140234e-01   8.07495030e-08   6.25197575e-04   8.07427444e-08   6.23550517e-04
 1.14975812e+02   2.64273790e-01   8.42068486e-08   6.51965839e-04   8.43055795e-08   6.51065160e-04
 1.15033917e+02   2.64407346e-01   8.61175381e-08   6.66759224e-04   8.63195638e-08   6.66618519e-04
 1.15092022e+02   2.64540902e-01   8.63725271e-08   6.68733459e-04   8.66695675e-08   6.69321486e-04
 1.15150128e+02   2.64674457e-01   8.49591715e-08   6.57790649e-04   8.53372717e-08   6.59032590e-04
 1.15208233e+02   2.64808013e-01   8.19630146e-08   6.34593107e-04   8.24032922e-08   6.36374400e-04
 1.15266338e+02   2.64941569e-01   7.75638242e-08   6.00532672e-04   7.80435155e-08   6.02705232e-04
 1.15324443e+02   2.65075125e-01   7.20260517e-08   5.57656842e-04   7.25197978e-08   5.60047318e-04
 1.15382549e+02   2.65208681e-01   6.56842121e-08   5.08555577e-04   6.61655131e-08   5.10975200e-04
 1.15440654e+02   2.65342237e-01   5.89239879e-08   4.56214998e-04   5.93667423e-08   4.58470457e-04
 1.15498759e+02   2.65475793e-01   5.21601198e-08   4.03846206e-04   5.25401597e-08   4.05750932e-04
 1.15556864e+02   2.65609349e-01   4.58123468e-08   3.54699001e-04   4.61088795e-08   3.56084202e-04
 1.15614970e+02   2.65742905e-01   4.02807872e-08   3.11871275e-04   4.04776571e-08   3.12596063e-04
 1.15673075e+02   2.65876461e-01   3.59222001e-08   2.78125209e-04   3.60088948e-08   2.78085234e-04
 1.15731180e+02   2.66010017e-01   3.30285301e-08   2.55721164e-04   3.30008685e-08   2.54855205e-04
 1.15789286e+02   2.66143573e-01   3.18090204e-08   2.46279193e-04   3.16694794e-08   2.44573311e-04
 1.15847391e+02   2.66277129e-01   3.23769857e-08   2.50676626e-04   3.21346402e-08   2.48165599e-04
 1.15905496e+02   2.66410684e-01   3.47420723e-08   2.68988149e-04   3.44121478e-08   2.65754066e-04
 1.15963601e+02   2.66544240e-01   3.88085213e-08   3.00472356e-04   3.84115814e-08   2.96640418e-04
 1.16021707e+02   2.66677796e-01   4.43796070e-08   3.43606111e-04   4.39404161e-08   3.39337849e-04
 1.16079812e+02   2.66811352e-01   5.11680562e-08   3.96165220e-04   5.07141825e-08   3.91649491e-04
 1.16137917e+02   2.66944908e-01   5.88119081e-08   4.55347228e-04   5.83721438e-08   4.50789489e-04
 1.16196022e+02   2.67078464e-01   6.68949433e-08   5.17929582e-04   6.64976320e-08   5.13540049e-04
 1.16254128e+02   2.67212020e-01   7.49705353e-08   5.80454307e-04   7.46419044e-08   5.76435672e-04
 1.16312233e+02   2.67345576e-01   8.25875642e-08   6.39428640e-04   8.23501589e-08   6.35964069e-04
 1.16370338e+02   2.67479132e-01   8.93168937e-08   6.91530019e-04   8.91882061e-08   6.88772130e-04
 1.16428444e+02   2.67612688e-01   9.47768634e-08   7.33803466e-04   9.47682396e-08   7.31864954e-04
 1.16486549e+02   2.67746244e-01   9.86562893e-08   7.63839658e-04   9.87721822e-08   7.62786128e-04
 1.16544654e+02   2.67879800e-01   1.00733591e-07   7.79923027e-04   1.00971207e-07   7.79768494e-04
 1.16602759e+02   2.68013356e-01   1.00890880e-07   7.81140824e-04   1.01240244e-07   7.81846181e-04
 1.16660865e+02   2.68146912e-01   9.91221174e-08   7.67446301e-04   9.95665630e-08   7.68920878e-04
 1.16718970e+02   2.68280467e-01   9.55348018e-08   7.39671753e-04   9.60518564e-08   7.41777917e-04
 1.16777075e+02   2.68414023e-01   9.03449990e-08   6.99490054e-04   9.09076230e-08   7.02050640e-04
 1.16835180e+02   2.68547579e-01   8.38659369e-08   6.49326354e-04   8.44440471e-08   6.52134501e-04
 1.16893286e+02   2.68681135e-01   7.64907543e-08   5.92224500e-04   7.70529459e-08   5.95055378e-04
 1.16951391e+02   2.68814691e-01   6.86703454e-08   5.31675513e-04   6.91857155e-08   5.34299262e-04
 1.17009496e+02   2.68948247e-01   6.08875453e-08   4.71417709e-04   6.13275116e-08   4.73612854e-04
 1.17067602e+02   2.69081803e-01   5.36291256e-08   4.15219884e-04   5.39691341e-08   4.16786446e-04
 1.17125707e+02   2.69215359e-01   4.73572186e-08   3.66660067e-04   4.75782397e-08   3.67431603e-04
 1.17183812e+02   2.69348915e-01   4.24818424e-08   3.28912796e-04   4.25715630e-08   3.28766632e-04
 1.17241917e+02   2.69482471e-01   3.93361518e-08   3.04557499e-04   3.92897912e-08   3.03422553e-04
 1.17300023e+02   2.69616027e-01   3.81559025e-08   2.95419499e-04   3.79765980e-08   2.93281180e-04
 1.17358128e+02   2.69749583e-01   3.90643867e-08   3.02453376e-04   3.87631210e-08   2.99355247e-04
 1.17416233e+02   2.69883139e-01   4.20637903e-08   3.25676056e-04   4.16588580e-08   3.21718102e-04
 1.17474338e+02   2.70016694e-01   4.70335616e-08   3.64154175e-04   4.65495997e-08   3.59487743e-04
 1.17532444e+02   2.70150250e-01   5.37359712e-08   4.16047129e-04   5.32026046e-08   4.10866783e-04
 1.17590549e+02   2.70283806e-01   6.18286289e-08   4.78703985e-04   6.12788044e-08   4.73236704e-04
 1.17648654e+02   2.70417362e-01   7.08833085e-08   5.48809230e-04   7.03514098e-08   5.43301548e-04
 1.17706760e+02   2.70550918e-01   8.04100543e-08   6.22569416e-04   7.99299066e-08   6.17273230e-04
 1.17764865e+02   2.70684474e-01   8.98852213e-08   6.95930257e-04   8.94880992e-08   6.91088109e-04
 1.17822970e+02   2.70818030e-01   9.87818514e-08   7.64811815e-04   9.84946081e-08   7.60642512e-04
 1.17881075e+02   2.70951586e-01   1.06600632e-07   8.25348199e-04   1.06444061e-07   8.22033604e-04
 1.17939181e+02   2.71085142e-01   1.12899629e-07   8.74117757e-04   1.12887153e-07   8.71791555e-04
 1.17997286e+02   2.71218698e-01   1.17321025e-07   9.08350113e-04   1.17457804e-07   9.07089240e-04
 1.18055391e+02   2.71352254e-01   1.19613263e-07   9.26097615e-04   1.19895770e-07   9.25916877e-04
 1.18113496e+02   2.71485810e-01   1.19647235e-07   9.26360640e-04   1.20063333e-07   9.27210906e-04
 1.18171602e+02   2.71619366e-01   1.17425477e-07   9.09158825e-04   1.17955001e-07   9.10928932e-04
 1.18229707e+02   2.71752922e-01   1.13083752e-07   8.75543313e-04   1.13699577e-07   8.78065646e-04
 1.18287812e+02   2.71886477e-01   1.06884825e-07   8.27548544e-04   1.07554349e-07   8.30608007e-04
 1.18345918e+02   2.72020033e-01   9.92046893e-08   7.68085608e-04   9.98916624e-08   7.71431517e-04
 1.18404023e+02   2.72153589e-01   9.05119519e-08   7.00782676e-04   9.11785497e-08   7.04142920e-04
 1.18462128e+02   2.72287145e-01   8.13415100e-08   6.29781149e-04   8.19505254e-08   6.32877826e-04
 1.18520233e+02   2.72420701e-01   7.22639730e-08   5.59498932e-04   7.27810083e-08   5.62064564e-04
 1.18578339e+02   2.72554257e-01   6.38525795e-08   4.94374286e-04   6.42481055e-08   4.96167671e-04
 1.18636444e+02   2.72687813e-01   5.66495131e-08   4.38605030e-04   5.69006753e-08   4.39425806e-04
 1.18694549e+02   2.72821369e-01   5.11335896e-08   3.95898365e-04   5.12256502e-08   3.95599394e-04
 1.18752655e+02   2.72954925e-01   4.76912303e-08   3.69246130e-04   4.76185575e-08   3.67742965e-04
 1.18810760e+02   2.73088481e-01   4.65924709e-08   3.60739060e-04   4.63590093e-08   3.58015875e-04
 1.18868865e+02   2.73222037e-01   4.79734834e-08   3.71431456e-04   4.75926714e-08   3.67543054e-04
 1.18926970e+02   2.73355593e-01   5.18267270e-08   4.01264934e-04   5.13208556e-08   3.96334634e-04
 1.18985076e+02   2.73489149e-01   5.79994095e-08   4.49056512e-04   5.73984541e-08   4.43269993e-04
 1.19043181e+02   2.73622705e-01   6.62004675e-08   5.12552649e-04   6.55404499e-08   5.06148036e-04
 1.19101286e+02   2.73756260e-01   7.60157698e-08   5.88546965e-04   7.53367409e-08   5.81801674e-04
 1.19159391e+02   2.73889816e-01   8.69307690e-08   6.73055609e-04   8.62745236e-08   6.66270688e-04
 1.19217497e+02   2.74023372e-01   9.83593728e-08   7.61540802e-04   9.77670257e-08   7.55023624e-04
 1.19275602e+02   2.74156928e-01   1.09677428e-07   8.49170085e-04   1.09186992e-07   8.43216393e-04
 1.19333707e+02   2.74290484e-01   1.20258919e-07   9.31096561e-04   1.19903025e-07   9.25972905e-04
 1.19391813e+02   2.74424040e-01   1.29512783e-07   1.00274398e-03   1.29316681e-07   9.98671572e-04
 1.19449918e+02   2.74557596e-01   1.36918205e-07   1.06007996e-03   1.36898162e-07   1.05722094e-03
 1.19508023e+02   2.74691152e-01   1.42056287e-07   1.09986121e-03   1.42218487e-07   1.09830811e-03
 1.19566128e+02   2.74824708e-01   1.44636174e-07   1.11983581e-03   1.44976193e-07   1.11960500e-03
 1.19624234e+02   2.74958264e-01   1.44514047e-07   1.11889025e-03   1.45016935e-07   1.11991964e-03
 1.19682339e+02   2.75091820e-01   1.41703734e-07   1.09713159e-03   1.42344720e-07   1.09928297e-03
 1.19740444e+02   2.75225376e-01   1.36378212e-07   1.05589910e-03   1.37123997e-07   1.05896498e-03
 1.19798549e+02   2.75358932e-01   1.28861783e-07   9.97703654e-04   1.29672345e-07   1.00141825e-03
 1.19856655e+02   2.75492487e-01   1.19613227e-07   9.26097334e-04   1.20444062e-07   9.30151162e-04
 1.19914760e+02   2.75626043e-01   1.09200809e-07   8.45479889e-04   1.10005463e-07   8.49537177e-04
 1.19972865e+02   2.75759599e-01   9.82704733e-08   7.60852505e-04   9.90032314e-08   7.64570447e-04
 1.20030971e+02   2.75893155e-01   8.75090006e-08   6.77532528e-04   8.81275829e-08   6.80581275e-04
 1.20089076e+02   2.76026711e-01   7.76042075e-08   6.00845337e-04   7.80723049e-08   6.02927563e-04
 1.20147181e+02   2.76160267e-01   6.92044897e-08   5.35811089e-04   6.94939941e-08   5.36679999e-04
 1.20205286e+02   2.76293823e-01   6.28800688e-08   4.86844687e-04   6.29728610e-08   4.86319364e-04
 1.20263392e+02   2.76427379e-01   5.90882472e-08   4.57486765e-04   5.89774301e-08   4.55463922e-04
 1.20321497e+02   2.76560935e-01   5.81447711e-08   4.50181965e-04   5.78352665e-08   4.46643357e-04
 1.20379602e+02   2.76694491e-01   6.02030768e-08   4.66118258e-04   5.97115409e-08   4.61133226e-04
 1.20437707e+02   2.76828047e-01   6.52427607e-08   5.05137670e-04   6.45968100e-08   4.98860605e-04
 1.20495813e+02   2.76961603e-01   7.30680914e-08   5.65724764e-04   7.23048739e-08   5.58387530e-04
 1.20553918e+02   2.77095159e-01   8.33168073e-08   6.45074755e-04   8.24809904e-08   6.36974438e-04
 1.20612023e+02   2.77228715e-01   9.54788436e-08   7.39238500e-04   9.46201258e-08   7.30721118e-04
 1.20670129e+02   2.77362270e-01   1.08924043e-07   8.43337050e-04   1.08094328e-07   8.34778097e-04
 1.20728234e+02   2.77495826e-01   1.22937367e-07   9.51834263e-04   1.22187759e-07   9.43617175e-04
 1.20786339e+02   2.77629382e-01   1.36759653e-07   1.05885238e-03   1.36137443e-07   1.05134615e-03
 1.20844444e+02   2.77762938e-01   1.49631619e-07   1.15851271e-03   1.49177445e-07   1.15204993e-03
 1.20902550e+02   2.77896494e-01   1.60838579e-07   1.24528184e-03   1.60583920e-07   1.24013850e-03
 1.20960655e+02   2.78030050e-01   1.69753253e-07   1.31430310e-03   1.69718419e-07   1.31068133e-03
 1.21018760e+02   2.78163606e-01   1.75874136e-07   1.36169363e-03   1.76066871e-07   1.35970841e-03
 1.21076865e+02   2.78297162e-01   1.78857089e-07   1.38478893e-03   1.79271888e-07   1.38445974e-03
 1.21134971e+02   2.78430718e-01   1.78538193e-07   1.38231990e-03   1.79156383e-07   1.38356773e-03
 1.21193076e+02   2.78564274e-01   1.74946388e-07   1.35451060e-03   1.75736979e-07   1.35716076e-03
 1.21251181e+02   2.78697830e-01   1.68304975e-07   1.30308990e-03   1.69226244e-07   1.30688042e-03
 1.21309287e+02   2.78831386e-01   1.59021709e-07   1.23121485e-03   1.60023455e-07   1.23581021e-03
 1.21367392e+02   2.78964942e-01   1.47667897e-07   1.14330873e-03   1.48694219e-07   1.14831813e-03
 1.21425497e+02   2.79098497e-01   1.34947514e-07   1.04482202e-03   1.35939982e-07   1.04982122e-03
 1.21483602e+02   2.79232053e-01   1.21658005e-07   9.41928890e-04   1.22559041e-07   9.46484465e-04
 1.21541708e+02   2.79365609e-01   1.08644931e-07   8.41176040e-04   1.09401196e-07   8.44870617e-04
 1.21599813e+02   2.79499165e-01   9.67530103e-08   7.49103650e-04   9.73186155e-08   7.51560695e-04
 1.21657918e+02   2.79632721e-01   8.67763807e-08   6.71860269e-04   8.71157168e-08   6.72766955e-04
 1.21716024e+02   2.79766277e-01   7.94109761e-08   6.14834121e-04   7.95009984e-08   6.13960908e-04
 1.21774129e+02   2.79899833e-01   7.52118623e-08   5.82322765e-04   7.50436828e-08   5.79538479e-04
 1.21832234e+02   2.80033389e-01   7.45581153e-08   5.77261174e-04   7.41377974e-08   5.72542614e-04
 1.21890339e+02   2.80166945e-01   7.76274385e-08   6.01025201e-04   7.69759310e-08   5.94460617e-04
 1.21948445e+02   2.80300501e-01   8.43821774e-08   6.53323311e-04   8.35343760e-08   6.45109400e-04
 1.22006550e+02   2.80434057e-01   9.45677532e-08   7.32184444e-04   9.35707275e-08   7.22616948e-04
 1.22064655e+02   2.80567613e-01   1.07723826e-07   8.34044452e-04   1.06634299e-07   8.23502754e-04
 1.22122760e+02   2.80701169e-01   1.23207760e-07   9.53927763e-04   1.22088971e-07   9.42854270e-04
 1.22180866e+02   2.80834725e-01   1.40229224e-07   1.08571530e-03   1.39147352e-07   1.07459071e-03
 1.22238971e+02   2.80968280e-01   1.57894106e-07   1.22248446e-03   1.56914445e-07   1.21180032e-03
 1.22297076e+02   2.81101836e-01   1.75255326e-07   1.35690253e-03   1.74438437e-07   1.34713253e-03
 1.22355182e+02   2.81235392e-01   1.91367681e-07   1.48165135e-03   1.90765746e-07   1.47322314e-03
 1.22413287e+02   2.81368948e-01   2.05343591e-07   1.58985888e-03   2.04997180e-07   1.58312798e-03
 1.22471392e+02   2.81502504e-01   2.16406476e-07   1.67551253e-03   2.16341929e-07   1.67073987e-03
 1.22529497e+02   2.81636060e-01   2.23938593e-07   1.73382943e-03   2.24166183e-07   1.73116409e-03
 1.22587603e+02   2.81769616e-01   2.27520421e-07   1.76156150e-03   2.28033417e-07   1.76102951e-03
 1.22645708e+02   2.81903172e-01   2.26959125e-07   1.75721570e-03   2.27733831e-07   1.75871590e-03
 1.22703813e+02   2.82036728e-01   2.22304220e-07   1.72117541e-03   2.23301009e-07   1.72448262e-03
 1.22761918e+02   2.82170284e-01   2.13849283e-07   1.65571363e-03   2.15014585e-07   1.66048921e-03
 1.22820024e+02   2.82303840e-01   2.02119343e-07   1.56489536e-03   2.03388486e-07   1.57070454e-03
 1.22878129e+02   2.82437396e-01   1.87844414e-07   1.45437269e-03   1.89145181e-07   1.46070803e-03
 1.22936234e+02   2.82570952e-01   1.71920473e-07   1.33108265e-03   1.73177170e-07   1.33739217e-03
 1.22994340e+02   2.82704508e-01   1.55359915e-07   1.20286365e-03   1.56497732e-07   1.20858218e-03
 1.23052445e+02   2.82838063e-01   1.39234207e-07   1.07801145e-03   1.40183621e-07   1.08259349e-03
 1.23110550e+02   2.82971619e-01   1.24611947e-07   9.64799587e-04   1.25312906e-07   9.67751688e-04
 1.23168655e+02   2.83105175e-01   1.12495870e-07   8.70991677e-04   1.12901517e-07   8.71902485e-04
 1.23226761e+02   2.83238731e-01   1.03762493e-07   8.03374093e-04   1.03842201e-07   8.01940266e-04
 1.23284866e+02   2.83372287e-01   9.91079783e-08   7.67336830e-04   9.88494960e-08   7.63383198e-04
 1.23342971e+02   2.83505843e-01   9.90035297e-08   7.66528144e-04   9.84141048e-08   7.60020810e-04
 1.23401076e+02   2.83639399e-01   1.03663117e-07   8.02604688e-04   1.02769501e-07   7.93656152e-04
 1.23459182e+02   2.83772955e-01   1.13025686e-07   8.75093746e-04   1.11873000e-07   8.63959573e-04
 1.23517287e+02   2.83906511e-01   1.26753178e-07   9.81377925e-04   1.25402676e-07   9.68444956e-04
 1.23575392e+02   2.84040067e-01   1.44244807e-07   1.11680568e-03   1.42770650e-07   1.10257229e-03
 1.23633498e+02   2.84173623e-01   1.64667082e-07   1.27492376e-03   1.63152282e-07   1.25997315e-03
 1.23691603e+02   2.84307179e-01   1.86998144e-07   1.44782050e-03   1.85529896e-07   1.43278834e-03
 1.23749708e+02   2.84440735e-01   2.10084103e-07   1.62656198e-03   2.08748773e-07   1.61210033e-03
 1.23807813e+02   2.84574290e-01   2.32704328e-07   1.80169755e-03   2.31582364e-07   1.78843690e-03
 1.23865919e+02   2.84707846e-01   2.53642037e-07   1.96380635e-03   2.52803122e-07   1.95231805e-03
 1.23924024e+02   2.84841402e-01   2.71756167e-07   2.10405378e-03   2.71254874e-07   2.09481506e-03
 1.23982129e+02   2.84974958e-01   2.86050319e-07   2.21472528e-03   2.85922559e-07   2.20808893e-03
 1.24040234e+02   2.85108514e-01   2.95734683e-07   2.28970582e-03   2.95995159e-07   2.28587641e-03
 1.24098340e+02   2.85242070e-01   3.00277153e-07   2.32487558e-03   3.00917985e-07   2.32389383e-03
 1.24156445e+02   2.85375626e-01   2.99440392e-07   2.31839701e-03   3.00431041e-07   2.32013331e-03
 1.24214550e+02   2.85509182e-01   2.93302381e-07   2.27087388e-03   2.94590886e-07   2.27503165e-03
 1.24272656e+02   2.85642738e-01   2.82258872e-07   2.18537026e-03   2.83774369e-07   2.19149914e-03
 1.24330761e+02   2.85776294e-01   2.67007202e-07   2.06728523e-03   2.68663615e-07   2.07480359e-03
 1.24388866e+02   2.85909850e-01   2.48512017e-07   1.92408752e-03   2.50212719e-07   1.93231320e-03
 1.24446971e+02   2.86043406e-01   2.27954504e-07   1.76492235e-03   2.29597709e-07   1.77311003e-03
 1.24505077e+02   2.86176962e-01   2.06667730e-07   1.60011095e-03   2.08152323e-07   1.60749414e-03
 1.24563182e+02   2.86310518e-01   1.86061596e-07   1.44056934e-03   1.87293061e-07   1.44640470e-03
 1.24621287e+02   2.86444073e-01   1.67541536e-07   1.29717903e-03   1.68437650e-07   1.30079036e-03
 1.24679393e+02   2.86577629e-01   1.52425624e-07   1.18014510e-03   1.52921571e-07   1.18096462e-03
 1.24737498e+02   2.86711185e-01   1.41864880e-07   1.09837925e-03   1.41917480e-07   1.09598353e-03
 1.24795603e+02   2.86844741e-01   1.36771557e-07   1.05894455e-03   1.36362337e-07   1.05308293e-03
 1.24853708e+02   2.86978297e-01   1.37759781e-07   1.06659580e-03   1.36896677e-07   1.05720947e-03
 1.24911814e+02   2.87111853e-01   1.45102316e-07   1.12344488e-03   1.43819886e-07   1.11067521e-03
 1.24969919e+02   2.87245409e-01   1.58706396e-07   1.22877355e-03   1.57064474e-07   1.21295895e-03
 1.25028024e+02   2.87378965e-01   1.78110462e-07   1.37900822e-03   1.76191309e-07   1.36066941e-03
 1.25086129e+02   2.87512521e-01   2.02502525e-07   1.56786212e-03   2.00406597e-07   1.54767637e-03
 1.25144235e+02   2.87646077e-01   2.30759590e-07   1.78664055e-03   2.28600127e-07   1.76540603e-03
 1.25202340e+02   2.87779633e-01   2.61506341e-07   2.02469519e-03   2.59403077e-07   2.00328740e-03
 1.25260445e+02   2.87913189e-01   2.93190119e-07   2.27000470e-03   2.91262438e-07   2.24932711e-03
 1.25318551e+02   2.88046745e-01   3.24168203e-07   2.50985043e-03   3.22528143e-07   2.49078220e-03
 1.25376656e+02   2.88180301e-01   3.52802579e-07   2.73155015e-03   3.51548066e-07   2.71489383e-03
 1.25434761e+02   2.88313856e-01   3.77556822e-07   2.92320820e-03   3.76765554e-07   2.90964046e-03
 1.25492866e+02   2.88447412e-01   3.97089479e-07   3.07443848e-03   3.96813818e-07   3.06446683e-03
 1.25550972e+02   2.88580968e-01   4.10338375e-07   3.17701716e-03   4.10601578e-07   3.17094531e-03
 1.25609077e+02   2.88714524e-01   4.16590674e-07   3.22542517e-03   4.17384719e-07   3.22332934e-03
 1.25667182e+02   2.88848080e-01   4.15534226e-07   3.21724569e-03   4.16819393e-07   3.21896351e-03
 1.25725287e+02   2.88981636e-01   4.07286689e-07   3.15338969e-03   4.08992985e-07   3.15852266e-03
 1.25783393e+02   2.89115192e-01   3.92400162e-07   3.03813176e-03   3.94430543e-07   3.04606155e-03
 1.25841498e+02   2.89248748e-01   3.71840382e-07   2.87894905e-03   3.74075641e-07   2.88886712e-03
 1.25899603e+02   2.89382304e-01   3.46941066e-07   2.68616778e-03   3.49246147e-07   2.69711685e-03
 1.25957709e+02   2.89515860e-01   3.19335368e-07   2.47243253e-03   3.21566788e-07   2.48335796e-03
 1.26015814e+02   2.89649416e-01   2.90867890e-07   2.25202500e-03   2.92881853e-07   2.26183334e-03
 1.26073919e+02   2.89782972e-01   2.63491843e-07   2.04006781e-03   2.65152610e-07   2.04768922e-03
 1.26132024e+02   2.89916528e-01   2.39157002e-07   1.85165694e-03   2.40345031e-07   1.85610818e-03
 1.26190130e+02   2.90050083e-01   2.19694742e-07   1.70097171e-03   2.20314121e-07   1.70141584e-03
 1.26248235e+02   2.90183639e-01   2.06706833e-07   1.60041370e-03   2.06691555e-07   1.59621309e-03
 1.26306340e+02   2.90317195e-01   2.01464590e-07   1.55982599e-03   2.00783269e-07   1.55058528e-03
 1.26364445e+02   2.90450751e-01   2.04824596e-07   1.58584060e-03   2.03483313e-07   1.57143686e-03
 1.26422551e+02   2.90584307e-01   2.17166394e-07   1.68139614e-03   2.15209441e-07   1.66199402e-03
 1.26480656e+02   2.90717863e-01   2.38356432e-07   1.84545858e-03   2.35864862e-07   1.82150927e-03
 1.26538761e+02   2.90851419e-01   2.67741134e-07   2.07296765e-03   2.64829124e-07   2.04519104e-03
 1.26596867e+02   2.90984975e-01   3.04170340e-07   2.35501832e-03   3.00979523e-07   2.32436906e-03
 1.26654972e+02   2.91118531e-01   3.46050663e-07   2.67927389e-03   3.42742683e-07   2.64689266e-03
 1.26713077e+02   2.91252087e-01   3.91426492e-07   3.03059319e-03   3.88174177e-07   2.99774562e-03
 1.26771182e+02   2.91385643e-01   4.38084760e-07   3.39184168e-03   4.35062362e-07   3.35984816e-03
 1.26829288e+02   2.91519199e-01   4.83678040e-07   3.74484457e-03   4.81051097e-07   3.71500452e-03
 1.26887393e+02   2.91652755e-01   5.25859340e-07   4.07143043e-03   5.23774721e-07   4.04494548e-03
 1.26945498e+02   2.91786311e-01   5.62421061e-07   4.35450709e-03   5.60997785e-07   4.33240735e-03
 1.27003603e+02   2.91919866e-01   5.91430126e-07   4.57910782e-03   5.90751504e-07   4.56218585e-03
 1.27061709e+02   2.92053422e-01   6.11351253e-07   4.73334580e-03   6.11458852e-07   4.72210211e-03
 1.27119814e+02   2.92186978e-01   6.21150798e-07   4.80921811e-03   6.22040636e-07   4.80382186e-03
 1.27177919e+02   2.92320534e-01   6.20374479e-07   4.80320752e-03   6.21995737e-07   4.80347512e-03
 1.27236025e+02   2.92454090e-01   6.09193600e-07   4.71664032e-03   6.11450010e-07   4.72203382e-03
 1.27294130e+02   2.92587646e-01   5.88416065e-07   4.55577165e-03   5.91169975e-07   4.56541757e-03
 1.27352235e+02   2.92721202e-01   5.59460389e-07   4.33158429e-03   5.62539366e-07   4.34431249e-03
 1.27410340e+02   2.92854758e-01   5.24293016e-07   4.05930328e-03   5.27498675e-07   4.07370438e-03
 1.27468446e+02   2.92988314e-01   4.85331387e-07   3.75764550e-03   4.88450016e-07   3.77214402e-03
 1.27526551e+02   2.93121870e-01   4.45317284e-07   3.44783900e-03   4.48131713e-07   3.46077860e-03
 1.27584656e+02   2.93255426e-01   4.07166840e-07   3.15246177e-03   4.09468899e-07   3.16219799e-03
 1.27642761e+02   2.93388982e-01   3.73805195e-07   2.89416148e-03   3.75408067e-07   2.89915702e-03
 1.27700867e+02   2.93522538e-01   3.47994912e-07   2.69432711e-03   3.48744659e-07   2.69324401e-03
 1.27758972e+02   2.93656093e-01   3.32167970e-07   2.57178808e-03   3.31953540e-07   2.56357154e-03
 1.27817077e+02   2.93789649e-01   3.28271271e-07   2.54161815e-03   3.27032345e-07   2.52556672e-03
 1.27875183e+02   2.93923205e-01   3.37635149e-07   2.61411735e-03   3.35367308e-07   2.58993498e-03
 1.27933288e+02   2.94056761e-01   3.60873397e-07   2.79403791e-03   3.57630203e-07   2.76186424e-03
 1.27991393e+02   2.94190317e-01   3.97821781e-07   3.08010828e-03   3.93713551e-07   3.04052445e-03
 1.28049498e+02   2.94323873e-01   4.47520040e-07   3.46489369e-03   4.42709251e-07   3.41890265e-03
 1.28107604e+02   2.94457429e-01   5.08240037e-07   3.93501417e-03   5.02933509e-07   3.88399542e-03
 1.28165709e+02   2.94590985e-01   5.77560145e-07   4.47172042e-03   5.71998328e-07   4.41736104e-03
 1.28223814e+02   2.94724541e-01   6.52483284e-07   5.05180777e-03   6.46927166e-07   4.99601261e-03
 1.28281920e+02   2.94858097e-01   7.29593410e-07   5.64882772e-03   7.24309691e-07   5.59361322e-03
 1.28340025e+02   2.94991653e-01   8.05242823e-07   6.23453818e-03   8.00488160e-07   6.18191530e-03
 1.28398130e+02   2.95125209e-01   8.75760599e-07   6.78051731e-03   8.71765781e-07   6.73236968e-03
 1.28456235e+02   2.95258765e-01   9.37670876e-07   7.25985344e-03   9.34625831e-07   7.21781784e-03
 1.28514341e+02   2.95392321e-01   9.87908663e-07   7.64881612e-03   9.85949198e-07   7.61417187e-03
 1.28572446e+02   2.95525876e-01   1.02402058e-06   7.92841019e-03   1.02321767e-06   7.90198445e-03
 1.28630551e+02   2.95659432e-01   1.04433822e-06   8.08571812e-03   1.04469058e-06   8.06781290e-03
 1.28688656e+02   2.95792988e-01   1.04811297e-06   8.11494387e-03   1.04954344e-06   8.10528997e-03
 1.28746762e+02   2.95926544e-01   1.03560290e-06   8.01808552e-03   1.03795900e-06   8.01582701e-03
 1.28804867e+02   2.96060100e-01   1.00810463e-06   7.80518205e-03   1.01116344e-06   7.80889345e-03
 1.28862972e+02   2.96193656e-01   9.67926048e-07   7.49410207e-03   9.71403306e-07   7.50183858e-03
 1.28921078e+02   2.96327212e-01   9.18298893e-07   7.10986718e-03   9.21861947e-07   7.11924642e-03
 1.28979183e+02   2.96460768e-01   8.63233768e-07   6.68352916e-03   8.66517795e-07   6.69184115e-03
 1.29037288e+02   2.96594324e-01   8.07323361e-07   6.25064661e-03   8.09950083e-07   6.25498672e-03
 1.29095393e+02   2.96727880e-01   7.55503062e-07   5.84943144e-03   7.57100970e-07   5.84684984e-03
 1.29153499e+02   2.96861436e-01   7.12780905e-07   5.51865803e-03   7.13005914e-07   5.50631775e-03
 1.29211604e+02   2.96994992e-01   6.83951084e-07   5.29544509e-03   6.82506444e-07   5.27078005e-03
 1.29269709e+02   2.97128548e-01   6.73306863e-07   5.21303293e-03   6.69961171e-07   5.17389690e-03
 1.29327814e+02   2.97262104e-01   6.84369457e-07   5.29868431e-03   6.78971643e-07   5.24348191e-03
 1.29385920e+02   2.97395659e-01   7.19649308e-07   5.57183618e-03   7.12139621e-07   5.49962764e-03
 1.29444025e+02   2.97529215e-01   7.80455093e-07   6.04262086e-03   7.70871267e-07   5.95319346e-03
 1.29502130e+02   2.97662771e-01   8.66763800e-07   6.71086020e-03   8.55241850e-07   6.60476062e-03
 1.29560236e+02   2.97796327e-01   9.77162371e-07   7.56561368e-03   9.63931711e-07   7.44413782e-03
 1.29618341e+02   2.97929883e-01   1.10886784e-06   8.58533440e-03   1.09424075e-06   8.45047305e-03
 1.29676446e+02   2.98063439e-01   1.25782879e-06   9.73865445e-03   1.24218454e-06   9.59299588e-03
 1.29734551e+02   2.98196995e-01   1.41890639e-06   1.09857869e-02   1.40267076e-06   1.08323799e-02
 1.29792657e+02   2.98330551e-01   1.58612893e-06   1.22804962e-02   1.56974990e-06   1.21226789e-02
 1.29850762e+02   2.98464107e-01   1.75300889e-06   1.35725530e-02   1.73692987e-06   1.34137566e-02
 1.29908867e+02   2.98597663e-01   1.91290793e-06   1.48105605e-02   1.89753980e-06   1.46540959e-02
 1.29966972e+02   2.98731219e-01   2.05943144e-06   1.59450089e-02   2.04512495e-06   1.57938491e-02
 1.30025078e+02   2.98864775e-01   2.18683178e-06   1.69313974e-02   2.17385194e-06   1.67879667e-02
 1.30083183e+02   2.98998331e-01   2.29039776e-06   1.77332500e-02   2.27890159e-06   1.75992317e-02
 1.30141288e+02   2.99131886e-01   2.36680735e-06   1.83248461e-02   2.35682662e-06   1.82010219e-02
 1.30199394e+02   2.99265442e-01   2.41442178e-06   1.86934976e-02   2.40585174e-06   1.85796273e-02
 1.30257499e+02   2.99398998e-01   2.43350075e-06   1.88412152e-02   2.42609589e-06   1.87359664e-02
 1.30315604e+02   2.99532554e-01   2.42632230e-06   1.87856366e-02   2.41969968e-06   1.86865705e-02
 1.30373709e+02   2.99666110e-01   2.39719500e-06   1.85601204e-02   2.39084532e-06   1.84637375e-02
 1.30431815e+02   2.99799666e-01   2.35235538e-06   1.82129527e-02   2.34566156e-06   1.81147977e-02
 1.30489920e+02   2.99933222e-01   2.29974989e-06   1.78056583e-02   2.29201241e-06   1.77004824e-02
 1.30548025e+02   3.00066778e-01   2.24870655e-06   1.74104586e-02   2.23917453e-06   1.72924322e-02
 1.30606130e+02   3.00200334e-01   2.20950835e-06   1.71069692e-02   2.19741485e-06   1.69699356e-02
 1.30664236e+02   3.00333890e-01   2.19288656e-06   1.69782762e-02   2.17748624e-06   1.68160332e-02
 1.30722341e+02   3.00467446e-01   2.20945742e-06   1.71065749e-02   2.19006456e-06   1.69131716e-02
 1.30780446e+02   3.00601002e-01   2.26913075e-06   1.75685917e-02   2.24515548e-06   1.73386212e-02
 1.30838552e+02   3.00734558e-01   2.38052223e-06   1.84310326e-02   2.35150264e-06   1.81599065e-02
 1.30896657e+02   3.00868114e-01   2.55040294e-06   1.97463226e-02   2.51603106e-06   1.94305071e-02
 1.30954762e+02   3.01001669e-01   2.78322035e-06   2.15488957e-02   2.74336001e-06   2.11860962e-02
 1.31012867e+02   3.01135225e-01   3.08072312e-06   2.38522908e-02   3.03541809e-06   2.34415679e-02
 1.31070973e+02   3.01268781e-01   3.44171907e-06   2.66472775e-02   3.39119039e-06   2.61890841e-02
 1.31129078e+02   3.01402337e-01   3.86199052e-06   2.99012008e-02   3.80662226e-06   2.93973322e-02
 1.31187183e+02   3.01535893e-01   4.33438471e-06   3.35586809e-02   4.27469824e-06   3.30121341e-02
 1.31245289e+02   3.01669449e-01   4.84908914e-06   3.75437453e-02   4.78570637e-06   3.69584872e-02
 1.31303394e+02   3.01803005e-01   5.39409271e-06   4.17633986e-02   5.32768951e-06   4.11440505e-02
 1.31361499e+02   3.01936561e-01   5.95582409e-06   4.61125659e-02   5.88707578e-06   4.54640126e-02
 1.31419604e+02   3.02070117e-01   6.51994905e-06   5.04802653e-02   6.44947030e-06   4.98072065e-02
 1.31477710e+02   3.02203673e-01   7.07229913e-06   5.47567985e-02   7.00058107e-06   5.40632596e-02
 1.31535815e+02   3.02337229e-01   7.59989521e-06   5.88416755e-02   7.52724306e-06   5.81305026e-02
 1.31593920e+02   3.02470785e-01   8.09202237e-06   6.26519368e-02   8.01849699e-06   6.19243003e-02
 1.31652025e+02   3.02604341e-01   8.54130639e-06   6.61304880e-02   8.46667321e-06   6.53854226e-02
 1.31710131e+02   3.02737896e-01   8.94473863e-06   6.92540349e-02   8.86842744e-06   6.84880427e-02
 1.31768236e+02   3.02871452e-01   9.30459436e-06   7.20401936e-02   9.22567312e-06   7.12469374e-02
 1.31826341e+02   3.03005008e-01   9.62919085e-06   7.45533600e-02   9.54635609e-06   7.37234698e-02
 1.31884447e+02   3.03138564e-01   9.93343478e-06   7.69089481e-02   9.84502075e-06   7.60299620e-02
 1.31942552e+02   3.03272120e-01   1.02391148e-05   7.92756547e-02   1.01431228e-05   7.83321091e-02
 1.32000657e+02   3.03405676e-01   1.05749032e-05   8.18754744e-02   1.04690516e-05   8.08491535e-02
 1.32058762e+02   3.03539232e-01   1.09760426e-05   8.49812686e-02   1.08578366e-05   8.38516166e-02
 1.32116868e+02   3.03672788e-01   1.14837022e-05   8.89117892e-02   1.13505234e-05   8.76564800e-02
 1.32174973e+02   3.03806344e-01   1.21440080e-05   9.40241620e-02   1.19932194e-05   9.26198163e-02
 1.32233078e+02   3.03939900e-01   1.30067579e-05   1.00703945e-01   1.28358229e-05   9.91269749e-02
 1.32291183e+02   3.04073456e-01   1.41238543e-05   1.09352988e-01   1.39304647e-05   1.07580545e-01
 1.32349289e+02   3.04207012e-01   1.55474951e-05   1.20375431e-01   1.53297039e-05   1.18386424e-01
 1.32407394e+02   3.04340568e-01   1.73281810e-05   1.34162271e-01   1.70845339e-05   1.31938418e-01
 1.32465499e+02   3.04474124e-01   1.95126035e-05   1.51075015e-01   1.92422651e-05   1.48601890e-01
 1.32523605e+02   3.04607679e-01   2.21414926e-05   1.71429012e-01   2.18443601e-05   1.68697041e-01
 1.32581710e+02   3.04741235e-01   2.52475024e-05   1.95477082e-01   2.49243019e-05   1.92482451e-01
 1.32639815e+02   3.04874791e-01   2.88532211e-05   2.23394117e-01   2.85055826e-05   2.20139542e-01
 1.32697920e+02   3.05008347e-01   3.29693894e-05   2.55263272e-01   3.25998934e-05   2.51758602e-01
 1.32756026e+02   3.05141903e-01   3.75934051e-05   2.91064400e-01   3.72056003e-05   2.87327010e-01
 1.32814131e+02   3.05275459e-01   4.27081887e-05   3.30665267e-01   4.23065759e-05   3.26720221e-01
 1.32872236e+02   3.05409015e-01   4.82814710e-05   3.73816029e-01   4.78714524e-05   3.69695992e-01
 1.32930341e+02   3.05542571e-01   5.42655504e-05   4.20147360e-01   5.38533451e-05   4.15892245e-01
 1.32988447e+02   3.05676127e-01   6.05975530e-05   4.69172463e-01   6.01900786e-05   4.64828821e-01
 1.33046552e+02   3.05809683e-01   6.72002109e-05   5.20293095e-01   6.68049343e-05   5.15913246e-01
 1.33104657e+02   3.05943239e-01   7.39831525e-05   5.72809563e-01   7.36079141e-05   5.68450494e-01
 1.33162763e+02   3.06076795e-01   8.08446838e-05   6.25934505e-01   8.04974993e-05   6.21656568e-01
 1.33220868e+02   3.06210351e-01   8.76740163e-05   6.78810152e-01   8.73628628e-05   6.74675586e-01
 1.33278973e+02   3.06343907e-01   9.43538824e-05   7.30528564e-01   9.40864751e-05   7.26599903e-01
 1.33337078e+02   3.06477462e-01   1.00763461e-04   7.80154293e-01   1.00547028e-04   7.76492699e-01
 1.33395184e+02   3.06611018e-01   1.06781525e-04   8.26748748e-01   1.06622590e-04   8.23412325e-01
 1.33453289e+02   3.06744574e-01   1.12289710e-04   8.69395499e-01   1.12193883e-04   8.66437653e-01
 1.33511394e+02   3.06878130e-01   1.17175798e-04   9.07225701e-01   1.17147594e-04   9.04693587e-01
 1.33569499e+02   3.07011686e-01   1.21336902e-04   9.39442771e-01   1.21379585e-04   9.37375906e-01
 1.33627605e+02   3.07145242e-01   1.24682458e-04   9.65345513e-01   1.24797914e-04   9.63774575e-01
 1.33685710e+02   3.07278798e-01   1.27136899e-04   9.84348859e-01   1.27325555e-04   9.83294739e-01
 1.33743815e+02   3.07412354e-01   1.28641940e-04   9.96001533e-01   1.28902718e-04   9.95474667e-01
 1.33801921e+02   3.07545910e-01   1.29158375e-04   1.00000000e+00   1.29488698e-04   1.00000000e+00
 1.33860026e+02   3.07679466e-01   1.28667342e-04   9.96198205e-01   1.29063174e-04   9.96713816e-01
 1.33918131e+02   3.07813022e-01   1.27170982e-04   9.84612738e-01   1.27626924e-04   9.85622116e-01
 1.33976236e+02   3.07946578e-01   1.24692498e-04   9.65423250e-01   1.25201917e-04   9.66894555e-01
 1.34034342e+02   3.08080134e-01   1.21275589e-04   9.38968061e-01   1.21830781e-04   9.40860351e-01
 1.34092447e+02   3.08213689e-01   1.16983278e-04   9.05735129e-01   1.17575675e-04   9.07999515e-01
 1.34150552e+02   3.08347245e-01   1.11896184e-04   8.66348648e-01   1.12516573e-04   8.68929681e-01
 1.34208658e+02   3.08480801e-01   1.06110288e-04   8.21551743e-01   1.06749055e-04   8.24388975e-01
 1.34266763e+02   3.08614357e-01   9.97342680e-05   7.72185836e-01   1.00381647e-04   7.75215516e-01
 1.34324868e+02   3.08747913e-01   9.28864918e-05   7.19167391e-01   9.35328230e-05   7.22324224e-01
 1.34382973e+02   3.08881469e-01   8.56917793e-05   6.63462815e-01   8.63277496e-05   6.66681736e-01
 1.34441079e+02   3.09015025e-01   7.82780279e-05   6.06062346e-01   7.88949049e-05   6.09280242e-01
 1.34499184e+02   3.09148581e-01   7.07728223e-05   5.47953798e-01   7.13626622e-05   5.51111128e-01
 1.34557289e+02   3.09282137e-01   6.33001351e-05   4.90097022e-01   6.38559626e-05   4.93139277e-01
 1.34615394e+02   3.09415693e-01   5.59772248e-05   4.33399883e-01   5.64931793e-05   4.36278844e-01
 1.34673500e+02   3.09549249e-01   4.89118276e-05   3.78696523e-01   4.93832707e-05   3.81371283e-01
 1.34731605e+02   3.09682805e-01   4.21997275e-05   3.26728541e-01   4.26233095e-05   3.29166254e-01
 1.34789710e+02   3.09816361e-01   3.59227722e-05   2.78129638e-01   3.62964577e-05   2.80305991e-01
 1.34847816e+02   3.09949917e-01   3.01473886e-05   2.33414120e-01   3.04704399e-05   2.35313510e-01
 1.34905921e+02   3.10083472e-01   2.49236288e-05   1.92969513e-01   2.51965502e-05   1.94584938e-01
 1.34964026e+02   3.10217028e-01   2.02847601e-05   1.57053386e-01   2.05092058e-05   1.58386069e-01
 1.35022131e+02   3.10350584e-01   1.62473916e-05   1.25794332e-01   1.64260420e-05   1.26853095e-01
 1.35080237e+02   3.10484140e-01   1.28121117e-05   9.91969099e-02   1.29485240e-05   9.99973296e-02
 1.35138342e+02   3.10617696e-01   9.96459378e-06   7.71501945e-02   1.00630318e-05   7.77135919e-02
 1.35196447e+02   3.10751252e-01   7.67710988e-06   5.94395049e-02   7.74236186e-06   5.97917966e-02
 1.35254552e+02   3.10884808e-01   5.91038288e-06   4.57607404e-02   5.94757254e-06   4.59312098e-02
 1.35312658e+02   3.11018364e-01   4.61569522e-06   3.57367086e-02   4.63009410e-06   3.57567432e-02
 1.35370763e+02   3.11151920e-01   3.73716830e-06   2.89347733e-02   3.73401568e-06   2.88366147e-02
 1.35428868e+02   3.11285476e-01   3.21412296e-06   2.48851300e-02   3.19845946e-06   2.47006845e-02
 1.35486974e+02   3.11419032e-01   2.98343315e-06   2.30990297e-02   2.95995339e-06   2.28587780e-02
 1.35545079e+02   3.11552588e-01   2.98178915e-06   2.30863012e-02   2.95471765e-06   2.28183440e-02
 1.35603184e+02   3.11686144e-01   3.14779402e-06   2.43715827e-02   3.12078770e-06   2.41008502e-02
 1.35661289e+02   3.11819699e-01   3.42382748e-06   2.65087531e-02   3.39990670e-06   2.62563974e-02
 1.35719395e+02   3.11953255e-01   3.75762359e-06   2.90931469e-02   3.73913250e-06   2.88761303e-02
 1.35777500e+02   3.12086811e-01   4.10352236e-06   3.17712448e-02   4.09211827e-06   3.16021270e-02
 1.35835605e+02   3.12220367e-01   4.42337063e-06   3.42476485e-02   4.42004071e-06   3.41345677e-02
 1.35893710e+02   3.12353923e-01   4.68706234e-06   3.62892637e-02   4.69216522e-06   3.62360986e-02
 1.35951816e+02   3.12487479e-01   4.87272329e-06   3.77267311e-02   4.88605209e-06   3.77334252e-02
 1.36009921e+02   3.12621035e-01   4.96655938e-06   3.84532507e-02   4.98742206e-06   3.85162733e-02
 1.36068026e+02   3.12754591e-01   4.96239946e-06   3.84210428e-02   4.98971193e-06   3.85339572e-02
 1.36126132e+02   3.12888147e-01   4.86097464e-06   3.76357679e-02   4.89336180e-06   3.77898758e-02
 1.36184237e+02   3.13021703e-01   4.66898373e-06   3.61492913e-02   4.70488356e-06   3.63343184e-02
 1.36242342e+02   3.13155259e-01   4.39800045e-06   3.40512215e-02   4.43576645e-06   3.42560126e-02
 1.36300447e+02   3.13288815e-01   4.06328056e-06   3.14596754e-02   4.10127821e-06   3.16728664e-02
 1.36358553e+02   3.13422371e-01   3.68252785e-06   2.85117232e-02   3.71922130e-06   2.87223624e-02
 1.36416658e+02   3.13555927e-01   3.27467527e-06   2.53539521e-02   3.30870114e-06   2.55520459e-02
 1.36474763e+02   3.13689482e-01   2.85873330e-06   2.21335496e-02   2.88895924e-06   2.23105128e-02
 1.36532868e+02   3.13823038e-01   2.45275093e-06   1.89902585e-02   2.47831743e-06   1.91392568e-02
 1.36590974e+02   3.13956594e-01   2.07292648e-06   1.60494933e-02   2.09327128e-06   1.61656679e-02
 1.36649079e+02   3.14090150e-01   1.73289639e-06   1.34168333e-02   1.74776170e-06   1.34974074e-02
 1.36707184e+02   3.14223706e-01   1.44321989e-06   1.11740326e-02   1.45264338e-06   1.12183025e-02
 1.36765290e+02   3.14357262e-01   1.21106749e-06   9.37660828e-03   1.21535870e-06   9.38582843e-03
 1.36823395e+02   3.14490818e-01   1.04011117e-06   8.05299049e-03   1.03981564e-06   8.03016528e-03
 1.36881500e+02   3.14624374e-01   9.30605043e-07   7.20514671e-03   9.26458816e-07   7.15474658e-03
 1.36939605e+02   3.14757930e-01   8.79637141e-07   6.81053117e-03   8.72514559e-07   6.73815225e-03
 1.36997711e+02   3.14891486e-01   8.81526161e-07   6.82515678e-03   8.72384171e-07   6.73714530e-03
 1.37055816e+02   3.15025042e-01   9.28332104e-07   7.18754863e-03   9.18154058e-07   7.09061158e-03
 1.37113921e+02   3.15158598e-01   1.01044632e-06   7.82331239e-03   1.00018820e-06   7.72413518e-03
 1.37172026e+02   3.15292154e-01   1.11722505e-06   8.65003950e-03   1.10776675e-06   8.55493005e-03
 1.37230132e+02   3.15425710e-01   1.23763097e-06   9.58227423e-03   1.22973474e-06   9.49685001e-03
 1.37288237e+02   3.15559265e-01   1.36084921e-06   1.05362831e-02   1.35512703e-06   1.04652147e-02
 1.37346342e+02   3.15692821e-01   1.47684789e-06   1.14343951e-02   1.47373888e-06   1.13812163e-02
 1.37404448e+02   3.15826377e-01   1.57685805e-06   1.22087170e-02   1.57661647e-06   1.21757072e-02
 1.37462553e+02   3.15959933e-01   1.65375352e-06   1.28040750e-02   1.65644734e-06   1.27922156e-02
 1.37520658e+02   3.16093489e-01   1.70231764e-06   1.31800794e-02   1.70783712e-06   1.31890825e-02
 1.37578763e+02   3.16227045e-01   1.71939035e-06   1.33122637e-02   1.72746561e-06   1.33406671e-02
 1.37636869e+02   3.16360601e-01   1.70389578e-06   1.31922980e-02   1.71412184e-06   1.32376174e-02
 1.37694974e+02   3.16494157e-01   1.65675641e-06   1.28273246e-02   1.66862407e-06   1.28862526e-02
 1.37753079e+02   3.16627713e-01   1.58070568e-06   1.22385070e-02   1.59363612e-06   1.23071446e-02
 1.37811185e+02   3.16761269e-01   1.48001516e-06   1.14589175e-02   1.49339632e-06   1.15330245e-02
 1.37869290e+02   3.16894825e-01   1.36015603e-06   1.05309162e-02   1.37337871e-06   1.06061667e-02
 1.37927395e+02   3.17028381e-01   1.22741689e-06   9.50319241e-03   1.23990864e-06   9.57541982e-03
 1.37985500e+02   3.17161937e-01   1.08850092e-06   8.42764489e-03   1.09975598e-06   8.49306545e-03
 1.38043606e+02   3.17295492e-01   9.50124987e-07   7.35627856e-03   9.59729018e-07   7.41168177e-03
 1.38101711e+02   3.17429048e-01   8.18642210e-07   6.33828204e-03   8.26290614e-07   6.38117943e-03
 1.38159816e+02   3.17562604e-01   6.99706812e-07   5.41743275e-03   7.05216072e-07   5.44615928e-03
 1.38217921e+02   3.17696160e-01   5.97996850e-07   4.62995023e-03   6.01308616e-07   4.64371507e-03
 1.38276027e+02   3.17829716e-01   5.17006538e-07   4.00288821e-03   5.18184608e-07   4.00177481e-03
 1.38334132e+02   3.17963272e-01   4.58915480e-07   3.55312212e-03   4.58136196e-07   3.53804004e-03
 1.38392237e+02   3.18096828e-01   4.24537650e-07   3.28695409e-03   4.22074568e-07   3.25954756e-03
 1.38450343e+02   3.18230384e-01   4.13348544e-07   3.20032320e-03   4.09552488e-07   3.16284352e-03
 1.38508448e+02   3.18363940e-01   4.23584818e-07   3.27957686e-03   4.18860633e-07   3.23472736e-03
 1.38566553e+02   3.18497496e-01   4.52407127e-07   3.50273164e-03   4.47188564e-07   3.45349496e-03
 1.38624658e+02   3.18631052e-01   4.96113965e-07   3.84112888e-03   4.90838162e-07   3.79058691e-03
 1.38682764e+02   3.18764608e-01   5.50392168e-07   4.26137420e-03   5.45475140e-07   4.21253090e-03
 1.38740869e+02   3.18898164e-01   6.10588495e-07   4.72744019e-03   6.06402935e-07   4.68305687e-03
 1.38798974e+02   3.19031720e-01   6.71986318e-07   5.20280870e-03   6.68842835e-07   5.16526035e-03
 1.38857079e+02   3.19165275e-01   7.30072003e-07   5.65253319e-03   7.28204653e-07   5.62369278e-03
 1.38915185e+02   3.19298831e-01   7.80776819e-07   6.04511181e-03   7.80333559e-07   6.02626772e-03
 1.38973290e+02   3.19432387e-01   8.20682282e-07   6.35407716e-03   8.21720634e-07   6.34588694e-03
 1.39031395e+02   3.19565943e-01   8.47179378e-07   6.55922913e-03   8.49667334e-07   6.56171041e-03
 1.39089501e+02   3.19699499e-01   8.58575084e-07   6.64745962e-03   8.62396959e-07   6.66001725e-03
 1.39147606e+02   3.19833055e-01   8.54142806e-07   6.61314300e-03   8.59109513e-07   6.63462935e-03
 1.39205711e+02   3.19966611e-01   8.34116556e-07   6.45809112e-03   8.39979539e-07   6.48689465e-03
 1.39263816e+02   3.20100167e-01   7.99631806e-07   6.19109526e-03   8.06099708e-07   6.22525150e-03
 1.39321922e+02   3.20233723e-01   7.52618719e-07   5.82709962e-03   7.59375749e-07   5.86441723e-03
 1.39380027e+02   3.20367279e-01   6.95655861e-07   5.38606854e-03   7.02380754e-07   5.42426302e-03
 1.39438132e+02   3.20500835e-01   6.31794251e-07   4.89162433e-03   6.38178758e-07   4.92845144e-03
 1.39496237e+02   3.20634391e-01   5.64362865e-07   4.36954138e-03   5.70128751e-07   4.40292290e-03
 1.39554343e+02   3.20767947e-01   4.96767203e-07   3.84618653e-03   5.01680875e-07   3.87432174e-03
 1.39612448e+02   3.20901503e-01   4.32292439e-07   3.34699502e-03   4.36176465e-07   3.36845202e-03
 1.39670553e+02   3.21035058e-01   3.73921905e-07   2.89506510e-03   3.76662918e-07   2.90884784e-03
 1.39728659e+02   3.21168614e-01   3.24180369e-07   2.50994462e-03   3.25733050e-07   2.51553267e-03
 1.39786764e+02   3.21302170e-01   2.85009810e-07   2.20666921e-03   2.85396872e-07   2.20402921e-03
 1.39844869e+02   3.21435726e-01   2.57683233e-07   1.99509503e-03   2.56991572e-07   1.98466412e-03
 1.39902974e+02   3.21569282e-01   2.42759779e-07   1.87955119e-03   2.41133140e-07   1.86219450e-03
 1.39961080e+02   3.21702838e-01   2.40081923e-07   1.85881808e-03   2.37710631e-07   1.83576355e-03
 1.40019185e+02   3.21836394e-01   2.48813203e-07   1.92641942e-03   2.45921641e-07   1.89917457e-03
 1.40077290e+02   3.21969950e-01   2.67512719e-07   2.07119917e-03   2.64345346e-07   2.04145498e-03
 1.40135395e+02   3.22103506e-01   2.94240769e-07   2.27813928e-03   2.91047506e-07   2.24766726e-03
 1.40193501e+02   3.22237062e-01   3.26688439e-07   2.52936318e-03   3.23710280e-07   2.49991147e-03
 1.40251606e+02   3.22370618e-01   3.62322958e-07   2.80526103e-03   3.59778601e-07   2.77845563e-03
 1.40309711e+02   3.22504174e-01   3.98540019e-07   3.08566919e-03   3.96614239e-07   3.06292554e-03
 1.40367817e+02   3.22637730e-01   4.32814264e-07   3.35103522e-03   4.31648614e-07   3.33348487e-03
 1.40425922e+02   3.22771285e-01   4.62839521e-07   3.58350374e-03   4.62525817e-07   3.57193968e-03
 1.40484027e+02   3.22904841e-01   4.86651322e-07   3.76786500e-03   4.87228170e-07   3.76270809e-03
 1.40542132e+02   3.23038397e-01   5.02725453e-07   3.89231788e-03   5.04177922e-07   3.89360563e-03
 1.40600238e+02   3.23171953e-01   5.10047907e-07   3.94901148e-03   5.12310247e-07   3.95640899e-03
 1.40658343e+02   3.23305509e-01   5.08153339e-07   3.93434291e-03   5.11114500e-07   3.94717461e-03
 1.40716448e+02   3.23439065e-01   4.97131030e-07   3.84900344e-03   5.00642568e-07   3.86630322e-03
 1.40774554e+02   3.23572621e-01   4.77599207e-07   3.69777961e-03   4.81485052e-07   3.71835582e-03
 1.40832659e+02   3.23706177e-01   4.50650298e-07   3.48912950e-03   4.54717770e-07   3.51164062e-03
 1.40890764e+02   3.23839733e-01   4.17771278e-07   3.23456591e-03   4.21822687e-07   3.25760236e-03
 1.40948869e+02   3.23973289e-01   3.80744471e-07   2.94788836e-03   3.84588622e-07   2.97005553e-03
 1.41006975e+02   3.24106845e-01   3.41535110e-07   2.64431253e-03   3.44998066e-07   2.66431026e-03
 1.41065080e+02   3.24240401e-01   3.02172469e-07   2.33954994e-03   3.05106984e-07   2.35624414e-03
 1.41123185e+02   3.24373957e-01   2.64631518e-07   2.04889166e-03   2.66924647e-07   2.06137410e-03
 1.41181290e+02   3.24507513e-01   2.30721764e-07   1.78634768e-03   2.32300273e-07   1.79398107e-03
 1.41239396e+02   3.24641068e-01   2.01989326e-07   1.56388872e-03   2.02822668e-07   1.56633491e-03
 1.41297501e+02   3.24774624e-01   1.79637345e-07   1.39083001e-03   1.79738102e-07   1.38806016e-03
 1.41355606e+02   3.24908180e-01   1.64468597e-07   1.27338700e-03   1.63890447e-07   1.26567377e-03
 1.41413712e+02   3.25041736e-01   1.56852830e-07   1.21442245e-03   1.55686228e-07   1.20231519e-03
 1.41471817e+02   3.25175292e-01   1.56719853e-07   1.21339288e-03   1.55085734e-07   1.19767777e-03
 1.41529922e+02   3.25308848e-01   1.63577902e-07   1.26649086e-03   1.61619841e-07   1.24813859e-03
 1.41588027e+02   3.25442404e-01   1.76555433e-07   1.36696852e-03   1.74430734e-07   1.34707304e-03
 1.41646133e+02   3.25575960e-01   1.94463188e-07   1.50561810e-03   1.92333462e-07   1.48533011e-03
 1.41704238e+02   3.25709516e-01   2.15872376e-07   1.67137730e-03   2.13894139e-07   1.65183636e-03
 1.41762343e+02   3.25843072e-01   2.39203989e-07   1.85202073e-03   2.37519837e-07   1.83429011e-03
 1.41820448e+02   3.25976628e-01   2.62823847e-07   2.03489589e-03   2.61554680e-07   2.01990355e-03
 1.41878554e+02   3.26110184e-01   2.85137781e-07   2.20766002e-03   2.84376492e-07   2.19614914e-03
 1.41936659e+02   3.26243740e-01   3.04681539e-07   2.35897624e-03   3.04488493e-07   2.35146773e-03
 1.41994764e+02   3.26377295e-01   3.20200473e-07   2.47913054e-03   3.20600976e-07   2.47589930e-03
 1.42052870e+02   3.26510851e-01   3.30714793e-07   2.56053695e-03   3.31698643e-07   2.56160305e-03
 1.42110975e+02   3.26644407e-01   3.35567120e-07   2.59810577e-03   3.37090208e-07   2.60324039e-03
 1.42169080e+02   3.26777963e-01   3.34450174e-07   2.58945789e-03   3.36437980e-07   2.59820345e-03
 1.42227185e+02   3.26911519e-01   3.27413620e-07   2.53497785e-03   3.29766366e-07   2.54668070e-03
 1.42285291e+02   3.27045075e-01   3.14850330e-07   2.43770742e-03   3.17449430e-07   2.45156091e-03
 1.42343396e+02   3.27178631e-01   2.97463434e-07   2.30309055e-03   3.00178851e-07   2.31818573e-03
 1.42401501e+02   3.27312187e-01   2.76216633e-07   2.13858863e-03   2.78914698e-07   2.15396944e-03
 1.42459606e+02   3.27445743e-01   2.52271089e-07   1.95319188e-03   2.54822308e-07   1.96791159e-03
 1.42517712e+02   3.27579299e-01   2.26912889e-07   1.75685772e-03   2.29199306e-07   1.77003330e-03
 1.42575817e+02   3.27712855e-01   2.01475483e-07   1.55991033e-03   2.03397182e-07   1.57077171e-03
 1.42633922e+02   3.27846411e-01   1.77261683e-07   1.37243661e-03   1.78742080e-07   1.38036820e-03
 1.42692028e+02   3.27979967e-01   1.55469663e-07   1.20371337e-03   1.56459318e-07   1.20828552e-03
 1.42750133e+02   3.28113523e-01   1.37127087e-07   1.06169721e-03   1.37605852e-07   1.06268620e-03
 1.42808238e+02   3.28247078e-01   1.23036871e-07   9.52604670e-04   1.23014300e-07   9.50000285e-04
 1.42866343e+02   3.28380634e-01   1.13737363e-07   8.80603851e-04   1.13251399e-07   8.74604507e-04
 1.42924449e+02   3.28514190e-01   1.09478790e-07   8.47632138e-04   1.08592857e-07   8.38628077e-04
 1.42982554e+02   3.28647746e-01   1.10216881e-07   8.53346757e-04   1.09015580e-07   8.41892628e-04
 1.43040659e+02   3.28781302e-01   1.15623530e-07   8.95207374e-04   1.14207222e-07   8.81986030e-04
 1.43098764e+02   3.28914858e-01   1.25113434e-07   9.68682319e-04   1.23592058e-07   9.54462130e-04
 1.43156870e+02   3.29048414e-01   1.37884737e-07   1.06756327e-03   1.36371225e-07   1.05315157e-03
 1.43214975e+02   3.29181970e-01   1.52970971e-07   1.18436741e-03   1.51574662e-07   1.17056287e-03
 1.43273080e+02   3.29315526e-01   1.69301028e-07   1.31080178e-03   1.68121444e-07   1.29834840e-03
 1.43331186e+02   3.29449082e-01   1.85763507e-07   1.43826141e-03   1.84884853e-07   1.42780688e-03
 1.43389291e+02   3.29582638e-01   2.01271642e-07   1.55833210e-03   2.00758322e-07   1.55039263e-03
 1.43447396e+02   3.29716194e-01   2.14825081e-07   1.66326868e-03   2.14718465e-07   1.65820237e-03
 1.43505501e+02   3.29849750e-01   2.25565067e-07   1.74642230e-03   2.25881663e-07   1.74441219e-03
 1.43563607e+02   3.29983306e-01   2.32820042e-07   1.80259345e-03   2.33551147e-07   1.80364118e-03
 1.43621712e+02   3.30116861e-01   2.36139303e-07   1.82829261e-03   2.37252117e-07   1.83222259e-03
 1.43679817e+02   3.30250417e-01   2.35313116e-07   1.82189591e-03   2.36753216e-07   1.82836974e-03
 1.43737922e+02   3.30383973e-01   2.30378466e-07   1.78368972e-03   2.32073475e-07   1.79222958e-03
 1.43796028e+02   3.30517529e-01   2.21610506e-07   1.71580438e-03   2.23474704e-07   1.72582402e-03
 1.43854133e+02   3.30651085e-01   2.09500549e-07   1.62204386e-03   2.11440154e-07   1.63288502e-03
 1.43912238e+02   3.30784641e-01   1.94722214e-07   1.50762359e-03   1.96641000e-07   1.51859586e-03
 1.43970344e+02   3.30918197e-01   1.78087964e-07   1.37883404e-03   1.79892893e-07   1.38925556e-03
 1.44028449e+02   3.31051753e-01   1.60498777e-07   1.24265094e-03   1.62105311e-07   1.25188773e-03
 1.44086554e+02   3.31185309e-01   1.42889988e-07   1.10631608e-03   1.44226800e-07   1.11381768e-03
 1.44144659e+02   3.31318865e-01   1.26176533e-07   9.76913285e-04   1.27189334e-07   9.82242747e-04
 1.44202765e+02   3.31452421e-01   1.11200713e-07   8.60964015e-04   1.11855017e-07   8.63820700e-04
 1.44260870e+02   3.31585977e-01   9.86854442e-08   7.64065388e-04   9.89681218e-08   7.64299307e-04
 1.44318975e+02   3.31719533e-01   8.91955091e-08   6.90590207e-04   8.91150740e-08   6.88207355e-04
 1.44377081e+02   3.31853088e-01   8.31088621e-08   6.43464754e-04   8.26944990e-08   6.38623297e-04
 1.44435186e+02   3.31986644e-01   8.05993690e-08   6.24035172e-04   7.98987880e-08   6.17032911e-04
 1.44493291e+02   3.32120200e-01   8.16317040e-08   6.32027956e-04   8.07079715e-08   6.23281978e-04
 1.44551396e+02   3.32253756e-01   8.59683999e-08   6.65604532e-04   8.48959508e-08   6.55624409e-04
 1.44609502e+02   3.32387312e-01   9.31883547e-08   7.21504545e-04   9.20484336e-08   7.10860757e-04
 1.44667607e+02   3.32520868e-01   1.02715458e-07   7.95267498e-04   1.01591266e-07   7.84557016e-04
 1.44725712e+02   3.32654424e-01   1.13855454e-07   8.81518163e-04   1.12827288e-07   8.71329234e-04
 1.44783817e+02   3.32787980e-01   1.25838728e-07   9.74297854e-04   1.24979390e-07   9.65176053e-04
 1.44841923e+02   3.32921536e-01   1.37866423e-07   1.06742147e-03   1.37237165e-07   1.05983895e-03
 1.44900028e+02   3.33055092e-01   1.49157156e-07   1.15483921e-03   1.48804377e-07   1.14916885e-03
 1.44958133e+02   3.33188648e-01   1.58991639e-07   1.23098203e-03   1.58944513e-07   1.22747789e-03
 1.45016239e+02   3.33322204e-01   1.66752693e-07   1.29107146e-03   1.67021843e-07   1.28985653e-03
 1.45074344e+02   3.33455760e-01   1.71958455e-07   1.33137673e-03   1.72535730e-07   1.33243853e-03
 1.45132449e+02   3.33589316e-01   1.74287038e-07   1.34940562e-03   1.75146382e-07   1.35259977e-03
 1.45190554e+02   3.33722871e-01   1.73591410e-07   1.34401977e-03   1.74690750e-07   1.34908106e-03
 1.45248660e+02   3.33856427e-01   1.69903875e-07   1.31546928e-03   1.71187893e-07   1.32202962e-03
 1.45306765e+02   3.33989983e-01   1.63430116e-07   1.26534663e-03   1.64833739e-07   1.27295850e-03
 1.45364870e+02   3.34123539e-01   1.54533393e-07   1.19646436e-03   1.55985771e-07   1.20462846e-03
 1.45422975e+02   3.34257095e-01   1.43710026e-07   1.11266517e-03   1.45138764e-07   1.12086048e-03
 1.45481081e+02   3.34390651e-01   1.31557753e-07   1.01857702e-03   1.32893148e-07   1.02629149e-03
 1.45539186e+02   3.34524207e-01   1.18738957e-07   9.19328361e-04   1.19917994e-07   9.26088503e-04
 1.45597291e+02   3.34657763e-01   1.05940986e-07   8.20240933e-04   1.06910860e-07   8.25638548e-04
 1.45655397e+02   3.34791319e-01   9.38359025e-08   7.26518139e-04   9.45568868e-08   7.30232743e-04
 1.45713502e+02   3.34924875e-01   8.30420082e-08   6.42947141e-04   8.34895008e-08   6.44762843e-04
 1.45771607e+02   3.35058431e-01   7.40893044e-08   5.73631437e-04   7.42549590e-08   5.73447416e-04
 1.45829712e+02   3.35191987e-01   6.73907948e-08   5.21768678e-04   6.72826865e-08   5.19602774e-04
 1.45887818e+02   3.35325543e-01   6.32211541e-08   4.89485517e-04   6.28629895e-08   4.85470861e-04
 1.45945923e+02   3.35459098e-01   6.17038325e-08   4.77737757e-04   6.11332686e-08   4.72112777e-04
 1.46004028e+02   3.35592654e-01   6.28071551e-08   4.86280158e-04   6.20733417e-08   4.79372662e-04
 1.46062133e+02   3.35726210e-01   6.63494486e-08   5.13706126e-04   6.55099517e-08   5.05912507e-04
 1.46120239e+02   3.35859766e-01   7.20127081e-08   5.57553530e-04   7.11300045e-08   5.49314387e-04
 1.46178344e+02   3.35993322e-01   7.93638361e-08   6.14469142e-04   7.85015906e-08   6.06242800e-04
 1.46236449e+02   3.36126878e-01   8.78820696e-08   6.80420990e-04   8.71014143e-08   6.72656502e-04
 1.46294555e+02   3.36260434e-01   9.69908875e-08   7.50945398e-04   9.63469195e-08   7.44056596e-04
 1.46352660e+02   3.36393990e-01   1.06092466e-07   8.21413751e-04   1.05631161e-07   8.15755837e-04
 1.46410765e+02   3.36527546e-01   1.14602641e-07   8.87303213e-04   1.14358357e-07   8.83153199e-04
 1.46468870e+02   3.36661102e-01   1.21984367e-07   9.44455726e-04   1.21978066e-07   9.41997781e-04
 1.46526976e+02   3.36794658e-01   1.27777750e-07   9.89310601e-04   1.28016032e-07   9.88627076e-04
 1.46585081e+02   3.36928214e-01   1.31625025e-07   1.01909787e-03   1.32100018e-07   1.02016640e-03
 1.46643186e+02   3.37061770e-01   1.33289123e-07   1.03198203e-03   1.33979208e-07   1.03467878e-03
 1.46701291e+02   3.37195326e-01   1.32664891e-07   1.02714896e-03   1.33536218e-07   1.03125771e-03
 1.46759397e+02   3.37328881e-01   1.29782480e-07   1.00483209e-03   1.30791161e-07   1.01005851e-03
 1.46817502e+02   3.37462437e-01   1.24802844e-07   9.66277597e-04   1.25897696e-07   9.72267840e-04
 1.46875607e+02   3.37595993e-01   1.18005796e-07   9.13651907e-04   1.19131449e-07   9.20014264e-04
 1.46933713e+02   3.37729549e-01   1.09771425e-07   8.49897849e-04   1.10871623e-07   8.56226259e-04
 1.46991818e+02   3.37863105e-01   1.00556116e-07   7.78548938e-04   1.01577006e-07   7.84446886e-04
 1.47049923e+02   3.37996661e-01   9.08646277e-08   7.03513245e-04   9.17578506e-08   7.08616678e-04
 1.47108028e+02   3.38130217e-01   8.12199443e-08   6.28839935e-04   8.19453522e-08   6.32837875e-04
 1.47166134e+02   3.38263773e-01   7.21326644e-08   5.58482284e-04   7.26605091e-08   5.61133987e-04
 1.47224239e+02   3.38397329e-01   6.40717117e-08   4.96070902e-04   6.43841920e-08   4.97218624e-04
 1.47282344e+02   3.38530885e-01   5.74380269e-08   4.44710045e-04   5.75301131e-08   4.44286754e-04
 1.47340450e+02   3.38664441e-01   5.25427000e-08   4.06808307e-04   5.24222015e-08   4.04839978e-04
 1.47398555e+02   3.38797997e-01   4.95907183e-08   3.83952788e-04   4.92776033e-08   3.80555247e-04
 1.47456660e+02   3.38931553e-01   4.86711576e-08   3.76833151e-04   4.81961791e-08   3.72203752e-04
 1.47514765e+02   3.39065109e-01   4.97542585e-08   3.85218987e-04   4.91569736e-08   3.79623662e-04
 1.47572871e+02   3.39198664e-01   5.26954239e-08   4.07990762e-04   5.20217554e-08   4.01747461e-04
 1.47630976e+02   3.39332220e-01   5.72457735e-08   4.43221536e-04   5.65451293e-08   4.36680038e-04
 1.47689081e+02   3.39465776e-01   6.30685213e-08   4.88303768e-04   6.23914288e-08   4.81829148e-04
 1.47747186e+02   3.39599332e-01   6.97601202e-08   5.40113021e-04   6.91519448e-08   5.34038461e-04
 1.47805292e+02   3.39732888e-01   7.68748635e-08   5.95198440e-04   7.63926167e-08   5.89955866e-04
 1.47863397e+02   3.39866444e-01   8.39514564e-08   6.49988483e-04   8.35474409e-08   6.45210296e-04
 1.47921502e+02   3.40000000e-01   0.00000000e+00   0.00000000e+00   0.00000000e+00   0.00000000e+00
