 1.13116443e+02   1.80114697e+25
 1.13174548e+02   2.54894712e+25
 1.13232653e+02   3.34523613e+25
 1.13290759e+02   4.14481175e+25
 1.13348864e+02   4.90174319e+25
 1.13406969e+02   5.57206637e+25
 1.13465075e+02   6.11639593e+25
 1.13523180e+02   6.50229949e+25
 1.13581285e+02   6.70629160e+25
 1.13639390e+02   6.71532543e+25
 1.13697496e+02   6.52768850e+25
 1.13755601e+02   6.15324245e+25
 1.13813706e+02   5.61298469e+25
 1.13871811e+02   4.93794940e+25
 1.13929917e+02   4.16750449e+25
 1.13988022e+02   3.34713708e+25
 1.14046127e+02   2.52585155e+25
 1.14104233e+02   1.75332832e+25
 1.14162338e+02   1.07700745e+25
 1.14220443e+02   5.39267687e+24
 1.14278548e+02   1.74868059e+24
 1.14336654e+02   8.80571057e+22
 1.14394759e+02   5.47212247e+23
 1.14452864e+02   3.13952090e+24
 1.14510969e+02   7.75298162e+24
 1.14569075e+02   1.41552192e+25
 1.14627180e+02   2.20056344e+25
 1.14685285e+02   3.08740764e+25
 1.14743391e+02   4.02650247e+25
 1.14801496e+02   4.96459270e+25
 1.14859601e+02   5.84780810e+25
 1.14917706e+02   6.62482760e+25
 1.14975812e+02   7.24993434e+25
 1.15033917e+02   7.68578063e+25
 1.15092022e+02   7.90569622e+25
 1.15150128e+02   7.89539845e+25
 1.15208233e+02   7.65399572e+25
 1.15266338e+02   7.19421608e+25
 1.15324443e+02   6.54183743e+25
 1.15382549e+02   5.73434213e+25
 1.15440654e+02   4.81886512e+25
 1.15498759e+02   3.84954680e+25
 1.15556864e+02   2.88443839e+25
 1.15614970e+02   1.98213591e+25
 1.15673075e+02   1.19833712e+25
 1.15731180e+02   5.82522760e+24
 1.15789286e+02   1.74959082e+24
 1.15847391e+02   4.20218788e+22
 1.15905496e+02   8.52577530e+23
 1.15963601e+02   4.18513225e+24
 1.16021707e+02   9.89515788e+24
 1.16079812e+02   1.76962066e+25
 1.16137917e+02   2.71748349e+25
 1.16196022e+02   3.78132065e+25
 1.16254128e+02   4.90181500e+25
 1.16312233e+02   6.01550524e+25
 1.16370338e+02   7.05846603e+25
 1.16428444e+02   7.97006668e+25
 1.16486549e+02   8.69658828e+25
 1.16544654e+02   9.19448467e+25
 1.16602759e+02   9.43309045e+25
 1.16660865e+02   9.39660904e+25
 1.16718970e+02   9.08525374e+25
 1.16777075e+02   8.51546261e+25
 1.16835180e+02   7.71916166e+25
 1.16893286e+02   6.74210589e+25
 1.16951391e+02   5.64138276e+25
 1.17009496e+02   4.48221297e+25
 1.17067602e+02   3.33422641e+25
 1.17125707e+02   2.26742502e+25
 1.17183812e+02   1.34806524e+25
 1.17241917e+02   6.34701104e+24
 1.17300023e+02   1.74623108e+24
 1.17358128e+02   9.07874280e+21
 1.17416233e+02   1.30261200e+24
 1.17474338e+02   5.61792887e+24
 1.17532444e+02   1.27680914e+25
 1.17590549e+02   2.23964979e+25
 1.17648654e+02   3.39953647e+25
 1.17706760e+02   4.69333832e+25
 1.17764865e+02   6.04910589e+25
 1.17822970e+02   7.39017730e+25
 1.17881075e+02   8.63962348e+25
 1.17939181e+02   9.72477631e+25
 1.17997286e+02   1.05815746e+26
 1.18055391e+02   1.11584697e+26
 1.18113496e+02   1.14196540e+26
 1.18171602e+02   1.13474125e+26
 1.18229707e+02   1.09434457e+26
 1.18287812e+02   1.02290700e+26
 1.18345918e+02   9.24426661e+25
 1.18404023e+02   8.04561716e+25
 1.18462128e+02   6.70323007e+25
 1.18520233e+02   5.29682261e+25
 1.18578339e+02   3.91117606e+25
 1.18636444e+02   2.63122112e+25
 1.18694549e+02   1.53703700e+25
 1.18752655e+02   6.99056708e+24
 1.18810760e+02   1.73763876e+24
 1.18868865e+02   1.41941793e+21
 1.18926970e+02   1.97096487e+24
 1.18985076e+02   7.62017935e+24
 1.19043181e+02   1.67058746e+25
 1.19101286e+02   2.87785759e+25
 1.19159391e+02   4.32056463e+25
 1.19217497e+02   5.92055692e+25
 1.19275602e+02   7.58915566e+25
 1.19333707e+02   9.23220706e+25
 1.19391813e+02   1.07555401e+26
 1.19449918e+02   1.20705160e+26
 1.19508023e+02   1.30993437e+26
 1.19566128e+02   1.37798466e+26
 1.19624234e+02   1.40693891e+26
 1.19682339e+02   1.39477195e+26
 1.19740444e+02   1.34185432e+26
 1.19798549e+02   1.25097126e+26
 1.19856655e+02   1.12719987e+26
 1.19914760e+02   9.77649246e+25
 1.19972865e+02   8.11076643e+25
 1.20030971e+02   6.37399910e+25
 1.20089076e+02   4.67133255e+25
 1.20147181e+02   3.10778092e+25
 1.20205286e+02   1.78204033e+25
 1.20263392e+02   7.80562540e+24
 1.20321497e+02   1.72245126e+24
 1.20379602e+02   4.06145337e+22
 1.20437707e+02   2.97903740e+24
 1.20495813e+02   1.04884637e+25
 1.20553918e+02   2.22495674e+25
 1.20612023e+02   3.76869248e+25
 1.20670129e+02   5.59983118e+25
 1.20728234e+02   7.61978809e+25
 1.20786339e+02   9.71709308e+25
 1.20844444e+02   1.17737258e+26
 1.20902550e+02   1.36719522e+26
 1.20960655e+02   1.53012704e+26
 1.21018760e+02   1.65650581e+26
 1.21076865e+02   1.73865272e+26
 1.21134971e+02   1.77136215e+26
 1.21193076e+02   1.75225498e+26
 1.21251181e+02   1.68197225e+26
 1.21309287e+02   1.56419462e+26
 1.21367392e+02   1.40548338e+26
 1.21425497e+02   1.21494882e+26
 1.21483602e+02   1.00376226e+26
 1.21541708e+02   7.84537399e+25
 1.21599813e+02   5.70614895e+25
 1.21657918e+02   3.75290231e+25
 1.21716024e+02   2.11029288e+25
 1.21774129e+02   8.87173967e+24
 1.21832234e+02   1.69866909e+24
 1.21890339e+02   1.66281576e+23
 1.21948445e+02   4.53658604e+24
 1.22006550e+02   1.47292020e+25
 1.22064655e+02   3.03192410e+25
 1.22122760e+02   5.05554225e+25
 1.22180866e+02   7.43977640e+25
 1.22238971e+02   1.00573029e+26
 1.22297076e+02   1.27645029e+26
 1.22355182e+02   1.54095961e+26
 1.22413287e+02   1.78414215e+26
 1.22471392e+02   1.99183635e+26
 1.22529497e+02   2.15169016e+26
 1.22587603e+02   2.25392739e+26
 1.22645708e+02   2.29197847e+26
 1.22703813e+02   2.26293590e+26
 1.22761918e+02   2.16780374e+26
 1.22820024e+02   2.01152234e+26
 1.22878129e+02   1.80276184e+26
 1.22936234e+02   1.55349191e+26
 1.22994340e+02   1.27834784e+26
 1.23052445e+02   9.93826245e+25
 1.23110550e+02   7.17353488e+25
 1.23168655e+02   4.66279111e+25
 1.23226761e+02   2.56851527e+25
 1.23284866e+02   1.03235828e+25
 1.23342971e+02   1.66322925e+24
 1.23401076e+02   4.54961132e+23
 1.23459182e+02   7.02789491e+24
 1.23517287e+02   2.12604259e+25
 1.23575392e+02   4.25771196e+25
 1.23633498e+02   6.99722330e+25
 1.23691603e+02   1.02059094e+26
 1.23749708e+02   1.37143036e+26
 1.23807813e+02   1.73314148e+26
 1.23865919e+02   2.08554854e+26
 1.23924024e+02   2.40856365e+26
 1.23982129e+02   2.68337362e+26
 1.24040234e+02   2.89358005e+26
 1.24098340e+02   3.02622469e+26
 1.24156445e+02   3.07263708e+26
 1.24214550e+02   3.02905050e+26
 1.24272656e+02   2.89694453e+26
 1.24330761e+02   2.68308742e+26
 1.24388866e+02   2.39926845e+26
 1.24446971e+02   2.06172840e+26
 1.24505077e+02   1.69031407e+26
 1.24563182e+02   1.30739959e+26
 1.24621287e+02   9.36631873e+25
 1.24679393e+02   6.01569531e+25
 1.24737498e+02   3.24292230e+25
 1.24795603e+02   1.24061360e+25
 1.24853708e+02   1.61118598e+24
 1.24911814e+02   1.06494042e+24
 1.24969919e+02   1.12117084e+25
 1.25028024e+02   3.18781600e+25
 1.25086129e+02   6.22671615e+25
 1.25144235e+02   1.00988118e+26
 1.25202340e+02   1.46123018e+26
 1.25260445e+02   1.95325256e+26
 1.25318551e+02   2.45946342e+26
 1.25376656e+02   2.95183808e+26
 1.25434761e+02   3.40242240e+26
 1.25492866e+02   3.78498358e+26
 1.25550972e+02   4.07660581e+26
 1.25609077e+02   4.25913587e+26
 1.25667182e+02   4.32038975e+26
 1.25725287e+02   4.25504294e+26
 1.25783393e+02   4.06514325e+26
 1.25841498e+02   3.76020547e+26
 1.25899603e+02   3.35687009e+26
 1.25957709e+02   2.87813373e+26
 1.26015814e+02   2.35218350e+26
 1.26073919e+02   1.81089219e+26
 1.26132024e+02   1.28805204e+26
 1.26190130e+02   8.17442791e+25
 1.26248235e+02   4.30842027e+25
 1.26306340e+02   1.56092319e+25
 1.26364445e+02   1.53400557e+24
 1.26422551e+02   2.35540979e+24
 1.26480656e+02   1.87419515e+25
 1.26538761e+02   5.04682719e+25
 1.26596867e+02   9.64000404e+25
 1.26654972e+02   1.54531702e+26
 1.26713077e+02   2.22076555e+26
 1.26771182e+02   2.95605571e+26
 1.26829288e+02   3.71228436e+26
 1.26887393e+02   4.44807605e+26
 1.26945498e+02   5.12193965e+26
 1.27003603e+02   5.69471077e+26
 1.27061709e+02   6.13194016e+26
 1.27119814e+02   6.40608716e+26
 1.27177919e+02   6.49838354e+26
 1.27236025e+02   6.40024794e+26
 1.27294130e+02   6.11415292e+26
 1.27352235e+02   5.65387524e+26
 1.27410340e+02   5.04409305e+26
 1.27468446e+02   4.31933063e+26
 1.27526551e+02   3.52228873e+26
 1.27584656e+02   2.70163583e+26
 1.27642761e+02   1.90936928e+26
 1.27700867e+02   1.19788413e+26
 1.27758972e+02   6.16909406e+25
 1.27817077e+02   2.10484993e+25
 1.27875183e+02   1.41563743e+24
 1.27933288e+02   5.25584199e+24
 1.27991393e+02   3.37543403e+25
 1.28049498e+02   8.66982874e+25
 1.28107604e+02   1.62433911e+26
 1.28165709e+02   2.57906116e+26
 1.28223814e+02   3.68781526e+26
 1.28281920e+02   4.89651149e+26
 1.28340025e+02   6.14304160e+26
 1.28398130e+02   7.36059832e+26
 1.28456235e+02   8.48140806e+26
 1.28514341e+02   9.44067823e+26
 1.28572446e+02   1.01805401e+27
 1.28630551e+02   1.06537588e+27
 1.28688656e+02   1.08269875e+27
 1.28746762e+02   1.06833561e+27
 1.28804867e+02   1.02242185e+27
 1.28862972e+02   9.46991932e+26
 1.28921078e+02   8.45949206e+26
 1.28979183e+02   7.24925894e+26
 1.29037288e+02   5.91036219e+26
 1.29095393e+02   4.52532000e+26
 1.29153499e+02   3.18375936e+26
 1.29211604e+02   1.97753227e+26
 1.29269709e+02   9.95465847e+25
 1.29327814e+02   3.18029746e+25
 1.29385920e+02   1.22220460e+24
 1.29444025e+02   1.26976909e+25
 1.29502130e+02   6.89382377e+25
 1.29560236e+02   1.70196503e+26
 1.29618341e+02   3.14125073e+26
 1.29676446e+02   4.95774934e+26
 1.29734551e+02   7.07743866e+26
 1.29792657e+02   9.40474276e+26
 1.29850762e+02   1.18269157e+27
 1.29908867e+02   1.42196588e+27
 1.29966972e+02   1.64537218e+27
 1.30025078e+02   1.84021693e+27
 1.30083183e+02   1.99479415e+27
 1.30141288e+02   2.09913007e+27
 1.30199394e+02   2.14567381e+27
 1.30257499e+02   2.12989237e+27
 1.30315604e+02   2.05073095e+27
 1.30373709e+02   1.91090495e+27
 1.30431815e+02   1.71699700e+27
 1.30489920e+02   1.47934194e+27
 1.30548025e+02   1.21169269e+27
 1.30606130e+02   9.30671859e+26
 1.30664236e+02   6.55025406e+26
 1.30722341e+02   4.04706799e+26
 1.30780446e+02   1.99830539e+26
 1.30838552e+02   5.95436010e+25
 1.30896657e+02   8.70680978e+23
 1.30954762e+02   3.75941370e+25
 1.31012867e+02   1.79231602e+26
 1.31070973e+02   4.30173275e+26
 1.31129078e+02   7.89036687e+26
 1.31187183e+02   1.24828933e+27
 1.31245289e+02   1.79417924e+27
 1.31303394e+02   2.40700056e+27
 1.31361499e+02   3.06170618e+27
 1.31419604e+02   3.72886297e+27
 1.31477710e+02   4.37592773e+27
 1.31535815e+02   4.96880505e+27
 1.31593920e+02   5.47363164e+27
 1.31652025e+02   5.85871751e+27
 1.31710131e+02   6.09656186e+27
 1.31768236e+02   6.16585302e+27
 1.31826341e+02   6.05335656e+27
 1.31884447e+02   5.75559465e+27
 1.31942552e+02   5.28022352e+27
 1.32000657e+02   4.64702350e+27
 1.32058762e+02   3.88842872e+27
 1.32116868e+02   3.04953945e+27
 1.32174973e+02   2.18757987e+27
 1.32233078e+02   1.37078603e+27
 1.32291183e+02   6.76732797e+26
 1.32349289e+02   1.90133133e+26
 1.32407394e+02   1.67539223e+23
 1.32465499e+02   1.97424170e+26
 1.32523605e+02   8.70550765e+26
 1.32581710e+02   2.10273639e+27
 1.32639815e+02   3.96815373e+27
 1.32697920e+02   6.52850024e+27
 1.32756026e+02   9.82977870e+27
 1.32814131e+02   1.38994540e+28
 1.32872236e+02   1.87441137e+28
 1.32930341e+02   2.43477446e+28
 1.32988447e+02   3.06707182e+28
 1.33046552e+02   3.76495524e+28
 1.33104657e+02   4.51974893e+28
 1.33162763e+02   5.32059007e+28
 1.33220868e+02   6.15464956e+28
 1.33278973e+02   7.00742812e+28
 1.33337078e+02   7.86311902e+28
 1.33395184e+02   8.70502657e+28
 1.33453289e+02   9.51602699e+28
 1.33511394e+02   1.02790562e+29
 1.33569499e+02   1.09776081e+29
 1.33627605e+02   1.15962259e+29
 1.33685710e+02   1.21209698e+29
 1.33743815e+02   1.25398434e+29
 1.33801921e+02   1.28431641e+29
 1.33860026e+02   1.30238650e+29
 1.33918131e+02   1.30777156e+29
 1.33976236e+02   1.30034543e+29
 1.34034342e+02   1.28028283e+29
 1.34092447e+02   1.24805385e+29
 1.34150552e+02   1.20440914e+29
 1.34208658e+02   1.15035650e+29
 1.34266763e+02   1.08712946e+29
 1.34324868e+02   1.01614924e+29
 1.34382973e+02   9.38981330e+28
 1.34441079e+02   8.57288228e+28
 1.34499184e+02   7.72780097e+28
 1.34557289e+02   6.87165017e+28
 1.34615394e+02   6.02100553e+28
 1.34673500e+02   5.19148295e+28
 1.34731605e+02   4.39732860e+28
 1.34789710e+02   3.65106663e+28
 1.34847816e+02   2.96321517e+28
 1.34905921e+02   2.34207855e+28
 1.34964026e+02   1.79362036e+28
 1.35022131e+02   1.32141917e+28
 1.35080237e+02   9.26705381e+27
 1.35138342e+02   6.08474637e+27
 1.35196447e+02   3.63670731e+27
 1.35254552e+02   1.87428282e+27
 1.35312658e+02   7.33637409e+26
 1.35370763e+02   1.39017632e+26
 1.35428868e+02   6.23205040e+24
 1.35486974e+02   2.46206911e+26
 1.35545079e+02   7.68480400e+26
 1.35603184e+02   1.48450671e+27
 1.35661289e+02   2.31065458e+27
 1.35719395e+02   3.17080268e+27
 1.35777500e+02   3.99845479e+27
 1.35835605e+02   4.73832132e+27
 1.35893710e+02   5.34733769e+27
 1.35951816e+02   5.79511502e+27
 1.36009921e+02   6.06384181e+27
 1.36068026e+02   6.14767753e+27
 1.36126132e+02   6.05169753e+27
 1.36184237e+02   5.79046465e+27
 1.36242342e+02   5.38631413e+27
 1.36300447e+02   4.86744590e+27
 1.36358553e+02   4.26592088e+27
 1.36416658e+02   3.61565639e+27
 1.36474763e+02   2.95051008e+27
 1.36532868e+02   2.30253220e+27
 1.36590974e+02   1.70045370e+27
 1.36649079e+02   1.16846275e+27
 1.36707184e+02   7.25305678e+26
 1.36765290e+02   3.83731250e+26
 1.36823395e+02   1.50280109e+26
 1.36881500e+02   2.54046916e+25
 1.36939605e+02   3.89047022e+24
 1.36997711e+02   7.55366933e+25
 1.37055816e+02   2.26045019e+26
 1.37113921e+02   4.38057555e+26
 1.37172026e+02   6.92282156e+26
 1.37230132e+02   9.68642360e+26
 1.37288237e+02   1.24739195e+27
 1.37346342e+02   1.51013947e+27
 1.37404448e+02   1.74073583e+27
 1.37462553e+02   1.92598780e+27
 1.37520658e+02   2.05617105e+27
 1.37578763e+02   2.12532833e+27
 1.37636869e+02   2.13134987e+27
 1.37694974e+02   2.07584475e+27
 1.37753079e+02   1.96382188e+27
 1.37811185e+02   1.80320836e+27
 1.37869290e+02   1.60423974e+27
 1.37927395e+02   1.37876145e+27
 1.37985500e+02   1.13948348e+27
 1.38043606e+02   8.99230123e+26
 1.38101711e+02   6.70225315e+26
 1.38159816e+02   4.63449551e+26
 1.38217921e+02   2.88099112e+26
 1.38276027e+02   1.51171236e+26
 1.38334132e+02   5.71910348e+25
 1.38392237e+02   8.08763866e+24
 1.38450343e+02   3.21874555e+24
 1.38508448e+02   3.95348649e+25
 1.38566553e+02   1.11867490e+26
 1.38624658e+02   2.13319537e+26
 1.38682764e+02   3.35731923e+26
 1.38740869e+02   4.70197253e+26
 1.38798974e+02   6.07590404e+26
 1.38857079e+02   7.39086244e+26
 1.38915185e+02   8.56636770e+26
 1.38973290e+02   9.53383370e+26
 1.39031395e+02   1.02398455e+27
 1.39089501e+02   1.06484486e+27
 1.39147606e+02   1.07423681e+27
 1.39205711e+02   1.05231375e+27
 1.39263816e+02   1.00101765e+27
 1.39321922e+02   9.23891435e+26
 1.39380027e+02   8.25810172e+26
 1.39438132e+02   7.12649508e+26
 1.39496237e+02   5.90912159e+26
 1.39554343e+02   4.67334956e+26
 1.39612448e+02   3.48498983e+26
 1.39670553e+02   2.40464330e+26
 1.39728659e+02   1.48448751e+26
 1.39786764e+02   7.65663598e+25
 1.39844869e+02   2.76385427e+25
 1.39902974e+02   3.08480714e+24
 1.39961080e+02   2.89657446e+24
 1.40019185e+02   2.56922074e+25
 1.40077290e+02   6.88471269e+25
 1.40135395e+02   1.28688933e+26
 1.40193501e+02   2.00744201e+26
 1.40251606e+02   2.80021251e+26
 1.40309711e+02   3.61311728e+26
 1.40367817e+02   4.39493431e+26
 1.40425922e+02   5.09817366e+26
 1.40484027e+02   5.68163471e+26
 1.40542132e+02   6.11251782e+26
 1.40600238e+02   6.36798729e+26
 1.40658343e+02   6.43611679e+26
 1.40716448e+02   6.31618558e+26
 1.40774554e+02   6.01833075e+26
 1.40832659e+02   5.56259717e+26
 1.40890764e+02   4.97745864e+26
 1.40948869e+02   4.29791147e+26
 1.41006975e+02   3.56326191e+26
 1.41065080e+02   2.81474246e+26
 1.41123185e+02   2.09309704e+26
 1.41181290e+02   1.43627246e+26
 1.41239396e+02   8.77343142e+25
 1.41297501e+02   4.42778922e+25
 1.41355606e+02   1.51143072e+25
 1.41413712e+02   1.22806320e+24
 1.41471817e+02   2.70277198e+24
 1.41529922e+02   1.87442144e+25
 1.41588027e+02   4.77526246e+25
 1.41646133e+02   8.74385999e+25
 1.41704238e+02   1.34974745e+26
 1.41762343e+02   1.87173374e+26
 1.41820448e+02   2.40679421e+26
 1.41878554e+02   2.92167147e+26
 1.41936659e+02   3.38529375e+26
 1.41994764e+02   3.77048721e+26
 1.42052870e+02   4.05541623e+26
 1.42110975e+02   4.22467751e+26
 1.42169080e+02   4.26999595e+26
 1.42227185e+02   4.19049381e+26
 1.42285291e+02   3.99253013e+26
 1.42343396e+02   3.68913144e+26
 1.42401501e+02   3.29905767e+26
 1.42459606e+02   2.84556653e+26
 1.42517712e+02   2.35495500e+26
 1.42575817e+02   1.85496718e+26
 1.42633922e+02   1.37316277e+26
 1.42692028e+02   9.35340410e+25
 1.42750133e+02   5.64104050e+25
 1.42808238e+02   2.77650567e+25
 1.42866343e+02   8.88417260e+24
 1.42924449e+02   4.60604501e+23
 1.42982554e+02   2.56960355e+24
 1.43040659e+02   1.46805425e+25
 1.43098764e+02   3.57030354e+25
 1.43156870e+02   6.40639358e+25
 1.43214975e+02   9.78100238e+25
 1.43273080e+02   1.34729862e+26
 1.43331186e+02   1.72487368e+26
 1.43389291e+02   2.08759178e+26
 1.43447396e+02   2.41367840e+26
 1.43505501e+02   2.68403336e+26
 1.43563607e+02   2.88326259e+26
 1.43621712e+02   3.00047191e+26
 1.43679817e+02   3.02978325e+26
 1.43737922e+02   2.97055044e+26
 1.43796028e+02   2.82726951e+26
 1.43854133e+02   2.60919590e+26
 1.43912238e+02   2.32969760e+26
 1.43970344e+02   2.00538743e+26
 1.44028449e+02   1.65508952e+26
 1.44086554e+02   1.29870301e+26
 1.44144659e+02   9.56030570e+25
 1.44202765e+02   6.45639742e+25
 1.44260870e+02   3.83821546e+25
 1.44318975e+02   1.83703972e+25
 1.44377081e+02   5.45675815e+24
 1.44435186e+02   1.39793627e+23
 1.44493291e+02   2.46951587e+24
 1.44551396e+02   1.20545786e+25
 1.44609502e+02   2.80946910e+25
 1.44667607e+02   4.94358385e+25
 1.44725712e+02   7.46446326e+25
 1.44783817e+02   1.02097100e+26
 1.44841923e+02   1.30076490e+26
 1.44900028e+02   1.56874295e+26
 1.44958133e+02   1.80888589e+26
 1.45016239e+02   2.00714120e+26
 1.45074344e+02   2.15219126e+26
 1.45132449e+02   2.23604760e+26
 1.45190554e+02   2.25444081e+26
 1.45248660e+02   2.20698786e+26
 1.45306765e+02   2.09713199e+26
 1.45364870e+02   1.93186351e+26
 1.45422975e+02   1.72124186e+26
 1.45481081e+02   1.47775089e+26
 1.45539186e+02   1.21552762e+26
 1.45597291e+02   9.49511706e+25
 1.45655397e+02   6.94565953e+25
 1.45713502e+02   4.64619311e+25
 1.45771607e+02   2.71881070e+25
 1.45829712e+02   1.26170143e+25
 1.45887818e+02   3.43957188e+24
 1.45945923e+02   2.16155039e+22
 1.46004028e+02   2.38922225e+24
 1.46062133e+02   1.02339283e+25
 1.46120239e+02   2.29371474e+25
 1.46178344e+02   3.96120050e+25
 1.46236449e+02   5.91598373e+25
 1.46294555e+02   8.03378123e+25
 1.46352660e+02   1.01833561e+26
 1.46410765e+02   1.22342381e+26
 1.46468870e+02   1.40642511e+26
 1.46526976e+02   1.55664176e+26
 1.46585081e+02   1.66548540e+26
 1.46643186e+02   1.72693357e+26
 1.46701291e+02   1.73782938e+26
 1.46759397e+02   1.69801007e+26
 1.46817502e+02   1.61026019e+26
 1.46875607e+02   1.48009538e+26
 1.46933713e+02   1.31539241e+26
 1.46991818e+02   1.12588963e+26
 1.47049923e+02   9.22589104e+25
 1.47108028e+02   7.17096643e+25
 1.47166134e+02   5.20939062e+25
 1.47224239e+02   3.44898418e+25
 1.47282344e+02   1.98401380e+25
 1.47340450e+02   8.89979754e+24
 1.47398555e+02   2.19582144e+24
 1.47456660e+02   7.75398287e+20
 1.47514765e+02   2.32153986e+24
 1.47572871e+02   8.90362289e+24
 1.47630976e+02   1.92505114e+25
 1.47689081e+02   3.26566777e+25
 1.47747186e+02   4.82520954e+25
 1.47805292e+02   6.50554903e+25
 1.47863397e+02   8.20330993e+25
 1.47921502e+02   0.00000000e+00
