 6.57813896e+02   1.51000000e+00   5.74651714e-08   4.80990209e-03   5.35114572e-08   4.45923003e-03
 6.57923353e+02   1.51025126e+00   6.20593873e-08   5.19444333e-03   5.77391635e-08   4.81153430e-03
 6.58032810e+02   1.51050251e+00   6.72694503e-08   5.63053171e-03   6.27043202e-08   5.22529198e-03
 6.58142267e+02   1.51075377e+00   7.29212620e-08   6.10359495e-03   6.81800920e-08   5.68160035e-03
 6.58251724e+02   1.51100503e+00   7.88071582e-08   6.59625136e-03   7.39103110e-08   6.15911239e-03
 6.58361181e+02   1.51125628e+00   8.46992447e-08   7.08942589e-03   7.96312847e-08   6.63585398e-03
 6.58470638e+02   1.51150754e+00   9.03674119e-08   7.56385812e-03   8.50960559e-08   7.09124565e-03
 6.58580095e+02   1.51175879e+00   9.56009464e-08   8.00191108e-03   9.00979019e-08   7.50806072e-03
 6.58689551e+02   1.51201005e+00   1.00231837e-07   8.38952207e-03   9.44908822e-08   7.87413765e-03
 6.58799008e+02   1.51226131e+00   1.04157223e-07   8.71808141e-03   9.82053264e-08   8.18367063e-03
 6.58908465e+02   1.51251256e+00   1.07358044e-07   8.98599388e-03   1.01256683e-07   8.43794704e-03
 6.59017922e+02   1.51276382e+00   1.09910987e-07   9.19967826e-03   1.03746809e-07   8.64545486e-03
 6.59127379e+02   1.51301508e+00   1.11991220e-07   9.37379618e-03   1.05857514e-07   8.82134463e-03
 6.59236836e+02   1.51326633e+00   1.13864269e-07   9.53057252e-03   1.07836872e-07   8.98628896e-03
 6.59346293e+02   1.51351759e+00   1.15866577e-07   9.69816806e-03   1.09979428e-07   9.16483301e-03
 6.59455749e+02   1.51376884e+00   1.18375682e-07   9.90818313e-03   1.12601885e-07   9.38336820e-03
 6.59565206e+02   1.51402010e+00   1.21772394e-07   1.01924919e-02   1.16016151e-07   9.66788670e-03
 6.59674663e+02   1.51427136e+00   1.26398684e-07   1.05797177e-02   1.20501841e-07   1.00416893e-02
 6.59784120e+02   1.51452261e+00   1.32516000e-07   1.10917443e-02   1.26280352e-07   1.05232256e-02
 6.59893577e+02   1.51477387e+00   1.40269219e-07   1.17406978e-02   1.33492687e-07   1.11242457e-02
 6.60003034e+02   1.51502513e+00   1.49661356e-07   1.25268306e-02   1.42183099e-07   1.18484373e-02
 6.60112491e+02   1.51527638e+00   1.60543388e-07   1.34376694e-02   1.52290498e-07   1.26907095e-02
 6.60221948e+02   1.51552764e+00   1.72622120e-07   1.44486734e-02   1.63649255e-07   1.36372603e-02
 6.60331404e+02   1.51577889e+00   1.85487061e-07   1.55254840e-02   1.76000562e-07   1.46665225e-02
 6.60440861e+02   1.51603015e+00   1.98654950e-07   1.66276518e-02   1.89014710e-07   1.57510208e-02
 6.60550318e+02   1.51628141e+00   2.11628148e-07   1.77135236e-02   2.02323641e-07   1.68600839e-02
 6.60659775e+02   1.51653266e+00   2.23960839e-07   1.87457843e-02   2.15561780e-07   1.79632478e-02
 6.60769232e+02   1.51678392e+00   2.35325321e-07   1.96970047e-02   2.28411797e-07   1.90340685e-02
 6.60878689e+02   1.51703518e+00   2.45569736e-07   2.05544742e-02   2.40650550e-07   2.00539514e-02
 6.60988146e+02   1.51728643e+00   2.54758793e-07   2.13236091e-02   2.52189535e-07   2.10155210e-02
 6.61097603e+02   1.51753769e+00   2.63190367e-07   2.20293417e-02   2.63103733e-07   2.19250256e-02
 6.61207059e+02   1.51778894e+00   2.71383326e-07   2.27151020e-02   2.73643243e-07   2.28033066e-02
 6.61316516e+02   1.51804020e+00   2.80035350e-07   2.34392865e-02   2.84223541e-07   2.36849867e-02
 6.61425973e+02   1.51829146e+00   2.89953491e-07   2.42694464e-02   2.95392591e-07   2.46157287e-02
 6.61535430e+02   1.51854271e+00   3.01964271e-07   2.52747628e-02   3.07776206e-07   2.56476832e-02
 6.61644887e+02   1.51879397e+00   3.16813679e-07   2.65176756e-02   3.22006605e-07   2.68335343e-02
 6.61754344e+02   1.51904523e+00   3.35069899e-07   2.80457426e-02   3.38642417e-07   2.82198339e-02
 6.61863801e+02   1.51929648e+00   3.57042525e-07   2.98848771e-02   3.58091018e-07   2.98405296e-02
 6.61973257e+02   1.51954774e+00   3.82731024e-07   3.20350346e-02   3.80545257e-07   3.17116918e-02
 6.62082714e+02   1.51979899e+00   4.11812284e-07   3.44691700e-02   4.05946091e-07   3.38284004e-02
 6.62192171e+02   1.52005025e+00   4.43672375e-07   3.71358969e-02   4.33980083e-07   3.61645360e-02
 6.62301628e+02   1.52030151e+00   4.77481748e-07   3.99657810e-02   4.64116335e-07   3.86758576e-02
 6.62411085e+02   1.52055276e+00   5.12306674e-07   4.28806681e-02   4.95681675e-07   4.13062684e-02
 6.62520542e+02   1.52080402e+00   5.47243774e-07   4.58049442e-02   5.27966571e-07   4.39966413e-02
 6.62629999e+02   1.52105528e+00   5.81559916e-07   4.86772455e-02   5.60348353e-07   4.66950880e-02
 6.62739456e+02   1.52130653e+00   6.14817418e-07   5.14609373e-02   5.92413872e-07   4.93671798e-02
 6.62848912e+02   1.52155779e+00   6.46964943e-07   5.41517228e-02   6.24061702e-07   5.20044647e-02
 6.62958369e+02   1.52180905e+00   6.78377981e-07   5.67810308e-02   6.55565033e-07   5.46297080e-02
 6.63067826e+02   1.52206030e+00   7.09838989e-07   5.94143540e-02   6.87580664e-07   5.72976426e-02
 6.63177283e+02   1.52231156e+00   7.42455581e-07   6.21444009e-02   7.21096686e-07   6.00906080e-02
 6.63286740e+02   1.52256281e+00   7.77524325e-07   6.50796958e-02   7.57320610e-07   6.31092291e-02
 6.63396197e+02   1.52281407e+00   8.16356577e-07   6.83300007e-02   7.97519634e-07   6.64591041e-02
 6.63505654e+02   1.52306533e+00   8.60089772e-07   7.19905204e-02   8.42833704e-07   7.02352274e-02
 6.63615111e+02   1.52331658e+00   9.09511599e-07   7.61271851e-02   8.94088631e-07   7.45064158e-02
 6.63724567e+02   1.52356784e+00   9.64924582e-07   8.07653166e-02   9.51639260e-07   7.93022390e-02
 6.63834024e+02   1.52381910e+00   1.02607448e-06   8.58836346e-02   1.01527082e-06   8.46048000e-02
 6.63943481e+02   1.52407035e+00   1.09215788e-06   9.14148926e-02   1.08418001e-06   9.03471579e-02
 6.64052938e+02   1.52432161e+00   1.16191346e-06   9.72535165e-02   1.15704664e-06   9.64192979e-02
 6.64162395e+02   1.52457286e+00   1.23378899e-06   1.03269582e-01   1.23219324e-06   1.02681433e-01
 6.64271852e+02   1.52482412e+00   1.30616413e-06   1.09327466e-01   1.30781594e-06   1.08983243e-01
 6.64381309e+02   1.52507538e+00   1.37759949e-06   1.15306689e-01   1.38225725e-06   1.15186604e-01
 6.64490766e+02   1.52532663e+00   1.44707652e-06   1.21121998e-01   1.45428230e-06   1.21188613e-01
 6.64600222e+02   1.52557789e+00   1.51419214e-06   1.26739654e-01   1.52331667e-06   1.26941403e-01
 6.64709679e+02   1.52582915e+00   1.57927686e-06   1.32187321e-01   1.58960660e-06   1.32465492e-01
 6.64819136e+02   1.52608040e+00   1.64341501e-06   1.37555759e-01   1.65427153e-06   1.37854165e-01
 6.64928593e+02   1.52633166e+00   1.70835905e-06   1.42991651e-01   1.71923352e-06   1.43267595e-01
 6.65038050e+02   1.52658291e+00   1.77634593e-06   1.48682233e-01   1.78702609e-06   1.48916902e-01
 6.65147507e+02   1.52683417e+00   1.84983799e-06   1.54833604e-01   1.86050327e-06   1.55039920e-01
 6.65256964e+02   1.52708543e+00   1.93122337e-06   1.61645656e-01   1.94248656e-06   1.61871772e-01
 6.65366420e+02   1.52733668e+00   2.02251831e-06   1.69287149e-01   2.03539876e-06   1.69614355e-01
 6.65475877e+02   1.52758794e+00   2.12511463e-06   1.77874581e-01   2.14093809e-06   1.78409184e-01
 6.65585334e+02   1.52783920e+00   2.23961050e-06   1.87458019e-01   2.25984252e-06   1.88317758e-01
 6.65694791e+02   1.52809045e+00   2.36575083e-06   1.98016112e-01   2.39178282e-06   1.99312639e-01
 6.65804248e+02   1.52834171e+00   2.50248787e-06   2.09461163e-01   2.53540453e-06   2.11280960e-01
 6.65913705e+02   1.52859296e+00   2.64815454e-06   2.21653634e-01   2.68851763e-06   2.24040219e-01
 6.66023162e+02   1.52884422e+00   2.80072557e-06   2.34424007e-01   2.84840973e-06   2.37364387e-01
 6.66132619e+02   1.52909548e+00   2.95812790e-06   2.47598767e-01   3.01223951e-06   2.51016691e-01
 6.66242075e+02   1.52934673e+00   3.11855367e-06   2.61026592e-01   3.17745341e-06   2.64784336e-01
 6.66351532e+02   1.52959799e+00   3.28072805e-06   2.74600777e-01   3.34216377e-06   2.78510021e-01
 6.66460989e+02   1.52984925e+00   3.44409113e-06   2.88274457e-01   3.50543120e-06   2.92115463e-01
 6.66570446e+02   1.53010050e+00   3.60886627e-06   3.02066329e-01   3.66740761e-06   3.05613321e-01
 6.66679903e+02   1.53035176e+00   3.77600533e-06   3.16056064e-01   3.82931718e-06   3.19105610e-01
 6.66789360e+02   1.53060302e+00   3.94702101e-06   3.30370277e-01   3.99327766e-06   3.32768805e-01
 6.66898817e+02   1.53085427e+00   4.12373513e-06   3.45161456e-01   4.16198904e-06   3.46827904e-01
 6.67008274e+02   1.53110553e+00   4.30798571e-06   3.60583444e-01   4.33833862e-06   3.61523511e-01
 6.67117730e+02   1.53135678e+00   4.50134304e-06   3.76767680e-01   4.52498455e-06   3.77077136e-01
 6.67227187e+02   1.53160804e+00   4.70488402e-06   3.93804298e-01   4.72398495e-06   3.93660286e-01
 6.67336644e+02   1.53185930e+00   4.91906451e-06   4.11731455e-01   4.93653228e-06   4.11372334e-01
 6.67446101e+02   1.53211055e+00   5.14371358e-06   4.30534845e-01   5.16283704e-06   4.30230818e-01
 6.67555558e+02   1.53236181e+00   5.37815232e-06   4.50157643e-01   5.40218006e-06   4.50175810e-01
 6.67665015e+02   1.53261307e+00   5.62141800e-06   4.70519264e-01   5.65312568e-06   4.71087673e-01
 6.67774472e+02   1.53286432e+00   5.87255451e-06   4.91539684e-01   5.91386005e-06   4.92815254e-01
 6.67883928e+02   1.53311558e+00   6.13091619e-06   5.13164859e-01   6.18259724e-06   5.15209728e-01
 6.67993385e+02   1.53336683e+00   6.39642617e-06   5.35388355e-01   6.45798158e-06   5.38158124e-01
 6.68102842e+02   1.53361809e+00   6.66973409e-06   5.58264547e-01   6.73941260e-06   5.61610403e-01
 6.68212299e+02   1.53386935e+00   6.95223110e-06   5.81909878e-01   7.02722770e-06   5.85594683e-01
 6.68321756e+02   1.53412060e+00   7.24590067e-06   6.06490365e-01   7.32269812e-06   6.10216898e-01
 6.68431213e+02   1.53437186e+00   7.55300845e-06   6.32195645e-01   7.62782093e-06   6.35643467e-01
 6.68540670e+02   1.53462312e+00   7.87566092e-06   6.59202034e-01   7.94492177e-06   6.62068193e-01
 6.68650127e+02   1.53487437e+00   8.21528469e-06   6.87628941e-01   8.27611297e-06   6.89667100e-01
 6.68759583e+02   1.53512563e+00   8.57209455e-06   7.17494344e-01   8.62267667e-06   7.18547033e-01
 6.68869040e+02   1.53537688e+00   8.94462449e-06   7.48675536e-01   8.98445735e-06   7.48695030e-01
 6.68978497e+02   1.53562814e+00   9.32939177e-06   7.80881008e-01   9.35935149e-06   7.79935801e-01
 6.69087954e+02   1.53587940e+00   9.72074929e-06   8.13638090e-01   9.74297213e-06   8.11903772e-01
 6.69197411e+02   1.53613065e+00   1.01109588e-05   8.46299083e-01   1.01285456e-05   8.44034478e-01
 6.69306868e+02   1.53638191e+00   1.04904893e-05   8.78066234e-01   1.05070681e-05   8.75577610e-01
 6.69416325e+02   1.53663317e+00   1.08485162e-05   9.08033503e-01   1.08677163e-05   9.05631235e-01
 6.69525782e+02   1.53688442e+00   1.11735703e-05   9.35240910e-01   1.11984740e-05   9.33194014e-01
 6.69635238e+02   1.53713568e+00   1.14542681e-05   9.58735646e-01   1.14869090e-05   9.57229954e-01
 6.69744695e+02   1.53738693e+00   1.16800446e-05   9.77633397e-01   1.17210172e-05   9.76738714e-01
 6.69854152e+02   1.53763819e+00   1.18418108e-05   9.91173418e-01   1.18900423e-05   9.90823958e-01
 6.69963609e+02   1.53788945e+00   1.19324726e-05   9.98761917e-01   1.19851885e-05   9.98752706e-01
 6.70073066e+02   1.53814070e+00   1.19472643e-05   1.00000000e+00   1.20001563e-05   1.00000000e+00
 6.70182523e+02   1.53839196e+00   1.18838787e-05   9.94694555e-01   1.19314587e-05   9.94275276e-01
 6.70291980e+02   1.53864322e+00   1.17424010e-05   9.82852701e-01   1.17785042e-05   9.81529236e-01
 6.70401436e+02   1.53889447e+00   1.15250770e-05   9.64662430e-01   1.15434591e-05   9.61942400e-01
 6.70510893e+02   1.53914573e+00   1.12359670e-05   9.40463581e-01   1.12309295e-05   9.35898608e-01
 6.70620350e+02   1.53939698e+00   1.08805413e-05   9.10714037e-01   1.08475188e-05   9.03948129e-01
 6.70729807e+02   1.53964824e+00   1.04652786e-05   8.75956063e-01   1.04013239e-05   8.66765703e-01
 6.70839264e+02   1.53989950e+00   9.99731437e-06   8.36786911e-01   9.90143272e-06   8.25108649e-01
 6.70948721e+02   1.54015075e+00   9.48417420e-06   7.93836478e-01   9.35747329e-06   7.79779287e-01
 6.71058178e+02   1.54040201e+00   8.93360434e-06   7.47753137e-01   8.77924808e-06   7.31594480e-01
 6.71167635e+02   1.54065327e+00   8.35349304e-06   6.99197142e-01   8.17646823e-06   6.81363480e-01
 6.71277091e+02   1.54090452e+00   7.75185736e-06   6.48839531e-01   7.55858152e-06   6.29873591e-01
 6.71386548e+02   1.54115578e+00   7.13685949e-06   5.97363490e-01   6.93467328e-06   5.77881915e-01
 6.71496005e+02   1.54140704e+00   6.51681187e-06   5.45464779e-01   6.31340957e-06   5.26110614e-01
 6.71605462e+02   1.54165829e+00   5.90013451e-06   4.93848163e-01   5.70298939e-06   4.75242928e-01
 6.71714919e+02   1.54190955e+00   5.29523880e-06   4.43217683e-01   5.11107778e-06   4.25917603e-01
 6.71824376e+02   1.54216080e+00   4.71032800e-06   3.94259966e-01   4.54470158e-06   3.78720200e-01
 6.71933833e+02   1.54241206e+00   4.15312272e-06   3.47621231e-01   4.01010359e-06   3.34170948e-01
 6.72043290e+02   1.54266332e+00   3.63053621e-06   3.03880129e-01   3.51256497e-06   2.92709936e-01
 6.72152746e+02   1.54291457e+00   3.14833773e-06   2.63519552e-01   3.05621777e-06   2.54681498e-01
 6.72262203e+02   1.54316583e+00   2.71084843e-06   2.26901186e-01   2.64387718e-06   2.20320230e-01
 6.72371660e+02   1.54341709e+00   2.32071375e-06   1.94246457e-01   2.27692493e-06   1.89741274e-01
 6.72481117e+02   1.54366834e+00   1.97878824e-06   1.65626891e-01   1.95527095e-06   1.62937124e-01
 6.72590574e+02   1.54391960e+00   1.68415502e-06   1.40965746e-01   1.67741093e-06   1.39782424e-01
 6.72700031e+02   1.54417085e+00   1.43428430e-06   1.20051274e-01   1.44058446e-06   1.20047142e-01
 6.72809488e+02   1.54442211e+00   1.22531702e-06   1.02560469e-01   1.24102377e-06   1.03417301e-01
 6.72918944e+02   1.54467337e+00   1.05244310e-06   8.80907191e-02   1.07427022e-06   8.95213523e-02
 6.73028401e+02   1.54492462e+00   9.10331893e-07   7.61958446e-02   9.35525687e-07   7.79594588e-02
 6.73137858e+02   1.54517588e+00   7.93566605e-07   6.64224534e-02   8.20001340e-07   6.83325552e-02
 6.73247315e+02   1.54542714e+00   6.97035724e-07   5.83427058e-02   7.23226917e-07   6.02681250e-02
 6.73356772e+02   1.54567839e+00   6.16242170e-07   5.15801907e-02   6.41290116e-07   5.34401471e-02
 6.73466229e+02   1.54592965e+00   5.47503852e-07   4.58267131e-02   5.70985996e-07   4.75815468e-02
 6.73575686e+02   1.54618090e+00   4.88035138e-07   4.08491121e-02   5.09869364e-07   4.24885604e-02
 6.73685143e+02   1.54643216e+00   4.35915109e-07   3.64866047e-02   4.56216377e-07   3.80175364e-02
 6.73794599e+02   1.54668342e+00   3.89962831e-07   3.26403453e-02   4.08913165e-07   3.40756534e-02
 6.73904056e+02   1.54693467e+00   3.49550225e-07   2.92577628e-02   3.67297338e-07   3.06077130e-02
 6.74013513e+02   1.54718593e+00   3.14388156e-07   2.63146566e-02   3.30981906e-07   2.75814664e-02
 6.74122970e+02   1.54743719e+00   2.84320746e-07   2.37979791e-02   2.99689967e-07   2.49738387e-02
 6.74232427e+02   1.54768844e+00   2.59157122e-07   2.16917543e-02   2.73123172e-07   2.27599680e-02
 6.74341884e+02   1.54793970e+00   2.38560255e-07   1.99677725e-02   2.50878622e-07   2.09062796e-02
 6.74451341e+02   1.54819095e+00   2.22000915e-07   1.85817363e-02   2.32418995e-07   1.93679974e-02
 6.74560798e+02   1.54844221e+00   2.08773178e-07   1.74745593e-02   2.17091260e-07   1.80907027e-02
 6.74670254e+02   1.54869347e+00   1.98058229e-07   1.65777055e-02   2.04181602e-07   1.70149119e-02
 6.74779711e+02   1.54894472e+00   1.89016673e-07   1.58209167e-02   1.92989519e-07   1.60822505e-02
 6.74889168e+02   1.54919598e+00   1.80887188e-07   1.51404693e-02   1.82902778e-07   1.52416997e-02
 6.74998625e+02   1.54944724e+00   1.73070885e-07   1.44862356e-02   1.73457062e-07   1.44545669e-02
 6.75108082e+02   1.54969849e+00   1.65185772e-07   1.38262424e-02   1.64368932e-07   1.36972326e-02
 6.75217539e+02   1.54994975e+00   1.57082890e-07   1.31480217e-02   1.55537091e-07   1.29612554e-02
 6.75326996e+02   1.55020101e+00   1.48823673e-07   1.24567155e-02   1.47013611e-07   1.22509747e-02
 6.75436452e+02   1.55045226e+00   1.40625343e-07   1.17705057e-02   1.38952496e-07   1.15792239e-02
 6.75545909e+02   1.55070352e+00   1.32786525e-07   1.11143876e-02   1.31546767e-07   1.09620878e-02
 6.75655366e+02   1.55095477e+00   1.25607902e-07   1.05135284e-02   1.24966605e-07   1.04137482e-02
 6.75764823e+02   1.55120603e+00   1.19322454e-07   9.98742903e-03   1.19309992e-07   9.94236990e-03
 6.75874280e+02   1.55145729e+00   1.14046916e-07   9.54586033e-03   1.14574008e-07   9.54770964e-03
 6.75983737e+02   1.55170854e+00   1.09761227e-07   9.18714315e-03   1.10650452e-07   9.22075094e-03
 6.76093194e+02   1.55195980e+00   1.06317097e-07   8.89886543e-03   1.07344525e-07   8.94526061e-03
 6.76202651e+02   1.55221106e+00   1.03471350e-07   8.66067306e-03   1.04410978e-07   8.70080152e-03
 6.76312107e+02   1.55246231e+00   1.00935493e-07   8.44841887e-03   1.01599213e-07   8.46649080e-03
 6.76421564e+02   1.55271357e+00   9.84306491e-08   8.23876050e-03   9.86976809e-08   8.22469965e-03
 6.76531021e+02   1.55296482e+00   9.57368635e-08   8.01328750e-03   9.55687455e-08   7.96395842e-03
 6.76640478e+02   1.55321608e+00   9.27277392e-08   7.76142027e-03   9.21676190e-08   7.68053490e-03
 6.76749935e+02   1.55346734e+00   8.93848240e-08   7.48161436e-03   8.85425203e-08   7.37844728e-03
 6.76859392e+02   1.55371859e+00   8.57904458e-08   7.18076070e-03   8.48170338e-08   7.06799412e-03
 6.76968849e+02   1.55396985e+00   8.21018901e-08   6.87202427e-03   8.11590789e-08   6.76316851e-03
 6.77078306e+02   1.55422111e+00   7.85131712e-08   6.57164430e-03   7.77432562e-08   6.47852033e-03
 6.77187762e+02   1.55447236e+00   7.52125833e-08   6.29538123e-03   7.47142429e-08   6.22610583e-03
 6.77297219e+02   1.55472362e+00   7.23444678e-08   6.05531661e-03   7.21582784e-08   6.01311157e-03
 6.77406676e+02   1.55497487e+00   6.99822603e-08   5.85759707e-03   7.00878196e-08   5.84057558e-03
 6.77516133e+02   1.55522613e+00   6.81172489e-08   5.70149344e-03   6.84416062e-08   5.70339291e-03
 6.77625590e+02   1.55547739e+00   6.66641761e-08   5.57986955e-03   6.70992615e-08   5.59153231e-03
 6.77735047e+02   1.55572864e+00   6.54814991e-08   5.48087810e-03   6.59067766e-08   5.49215987e-03
 6.77844504e+02   1.55597990e+00   6.44014448e-08   5.39047629e-03   6.47073061e-08   5.39220529e-03
 6.77953960e+02   1.55623116e+00   6.32634076e-08   5.29522124e-03   6.33709682e-08   5.28084526e-03
 6.78063417e+02   1.55648241e+00   6.19439891e-08   5.18478437e-03   6.18178721e-08   5.15142226e-03
 6.78172874e+02   1.55673367e+00   6.03780364e-08   5.05371229e-03   6.00302150e-08   5.00245277e-03
 6.78282331e+02   1.55698492e+00   5.85671112e-08   4.90213573e-03   5.80516455e-08   4.83757413e-03
 6.78391788e+02   1.55723618e+00   5.65744722e-08   4.73534952e-03   5.59746640e-08   4.66449460e-03
 6.78501245e+02   1.55748744e+00   5.45083226e-08   4.56241038e-03   5.39191320e-08   4.49320249e-03
 6.78610702e+02   1.55773869e+00   5.24972547e-08   4.39408164e-03   5.20065463e-08   4.33382243e-03
 6.78720159e+02   1.55798995e+00   5.06631228e-08   4.24056266e-03   5.03353320e-08   4.19455638e-03
 6.78829615e+02   1.55824121e+00   4.90967850e-08   4.10945835e-03   4.89619429e-08   4.08010878e-03
 6.78939072e+02   1.55849246e+00   4.78412996e-08   4.00437276e-03   4.78912267e-08   3.99088359e-03
 6.79048529e+02   1.55874372e+00   4.68854618e-08   3.92436801e-03   4.70773096e-08   3.92305805e-03
 6.79157986e+02   1.55899497e+00   4.61683923e-08   3.86434846e-03   4.64354007e-08   3.86956634e-03
 6.79267443e+02   1.55924623e+00   4.55936970e-08   3.81624579e-03   4.58553632e-08   3.82123051e-03
 6.79376900e+02   1.55949749e+00   4.50499185e-08   3.77073089e-03   4.52510649e-08   3.77087298e-03
 6.79486357e+02   1.55974874e+00   4.44329397e-08   3.71908905e-03   4.44197826e-08   3.70160035e-03
 6.79595814e+02   1.56000000e+00   0.00000000e+00   0.00000000e+00   0.00000000e+00   0.00000000e+00
