 6.57813896e+02   5.03897116e+26
 6.57923353e+02   5.83763184e+26
 6.58032810e+02   6.06885241e+26
 6.58142267e+02   5.66911740e+26
 6.58251724e+02   4.70591387e+26
 6.58361181e+02   3.37091612e+26
 6.58470638e+02   1.94661639e+26
 6.58580095e+02   7.51900308e+25
 6.58689551e+02   7.67825478e+24
 6.58799008e+02   1.19372179e+25
 6.58908465e+02   9.38432536e+25
 6.59017922e+02   2.43242903e+26
 6.59127379e+02   4.35107408e+26
 6.59236836e+02   6.33895205e+26
 6.59346293e+02   8.00407985e+26
 6.59455749e+02   8.99860436e+26
 6.59565206e+02   9.09549312e+26
 6.59674663e+02   8.24487288e+26
 6.59784120e+02   6.59684972e+26
 6.59893577e+02   4.48376323e+26
 6.60003034e+02   2.36280962e+26
 6.60112491e+02   7.28291670e+25
 6.60221948e+02   9.72286287e+23
 6.60331404e+02   4.76103838e+25
 6.60440861e+02   2.16686322e+26
 6.60550318e+02   4.86590606e+26
 6.60659775e+02   8.12747589e+26
 6.60769232e+02   1.13524346e+27
 6.60878689e+02   1.39029963e+27
 6.60988146e+02   1.52350431e+27
 6.61097603e+02   1.50218481e+27
 6.61207059e+02   1.32426868e+27
 6.61316516e+02   1.02148848e+27
 6.61425973e+02   6.55772406e+26
 6.61535430e+02   3.08968918e+26
 6.61644887e+02   6.74391539e+25
 6.61754344e+02   4.24349449e+24
 6.61863801e+02   1.62390865e+26
 6.61973257e+02   5.42724373e+26
 6.62082714e+02   1.09940815e+27
 6.62192171e+02   1.74471685e+27
 6.62301628e+02   2.36310429e+27
 6.62411085e+02   2.83264172e+27
 6.62520542e+02   3.05022710e+27
 6.62629999e+02   2.95582599e+27
 6.62739456e+02   2.55068698e+27
 6.62848912e+02   1.90512318e+27
 6.62958369e+02   1.15303315e+27
 6.63067826e+02   4.72639575e+26
 6.63177283e+02   5.55821622e+25
 6.63286740e+02   6.90449721e+25
 6.63396197e+02   6.17536387e+26
 6.63505654e+02   1.71184879e+27
 6.63615111e+02   3.25233129e+27
 6.63724567e+02   5.03185111e+27
 6.63834024e+02   6.76087716e+27
 6.63943481e+02   8.11340017e+27
 6.64052938e+02   8.78848859e+27
 6.64162395e+02   8.57883537e+27
 6.64271852e+02   7.43531862e+27
 6.64381309e+02   5.51588321e+27
 6.64490766e+02   3.20822149e+27
 6.64600222e+02   1.11876183e+27
 6.64709679e+02   2.50249473e+25
 6.64819136e+02   7.93866168e+26
 6.64928593e+02   4.27367767e+27
 6.65038050e+02   1.11734044e+28
 6.65147507e+02   2.19444201e+28
 6.65256964e+02   3.66823123e+28
 6.65366420e+02   5.50641458e+28
 6.65475877e+02   7.63328852e+28
 6.65585334e+02   9.93348316e+28
 6.65694791e+02   1.22608919e+29
 6.65804248e+02   1.44519540e+29
 6.65913705e+02   1.63418242e+29
 6.66023162e+02   1.77815172e+29
 6.66132619e+02   1.86539152e+29
 6.66242075e+02   1.88866219e+29
 6.66351532e+02   1.84600180e+29
 6.66460989e+02   1.74094759e+29
 6.66570446e+02   1.58214432e+29
 6.66679903e+02   1.38238996e+29
 6.66789360e+02   1.15724105e+29
 6.66898817e+02   9.23355297e+28
 6.67008274e+02   6.96779087e+28
 6.67117730e+02   4.91388910e+28
 6.67227187e+02   3.17668844e+28
 6.67336644e+02   1.81955369e+28
 6.67446101e+02   8.62140319e+27
 6.67555558e+02   2.83396482e+27
 6.67665015e+02   2.90353595e+26
 6.67774472e+02   2.21716319e+26
 6.67883928e+02   1.75486686e+27
 6.67993385e+02   4.03206276e+27
 6.68102842e+02   6.31339779e+27
 6.68212299e+02   8.05003351e+27
 6.68321756e+02   8.92162425e+27
 6.68431213e+02   8.83697329e+27
 6.68540670e+02   7.90230868e+27
 6.68650127e+02   6.36581074e+27
 6.68759583e+02   4.54960029e+27
 6.68869040e+02   2.78104834e+27
 6.68978497e+02   1.33404747e+27
 6.69087954e+02   3.88140462e+26
 6.69197411e+02   9.69184220e+24
 6.69306868e+02   1.55285848e+26
 6.69416325e+02   6.93905997e+26
 6.69525782e+02   1.44175089e+27
 6.69635238e+02   2.20212562e+27
 6.69744695e+02   2.80283540e+27
 6.69854152e+02   3.12477211e+27
 6.69963609e+02   3.11759642e+27
 6.70073066e+02   2.80111597e+27
 6.70182523e+02   2.25363710e+27
 6.70291980e+02   1.59076218e+27
 6.70401436e+02   9.39478088e+26
 6.70510893e+02   4.12762531e+26
 6.70620350e+02   8.93450229e+25
 6.70729807e+02   1.88463097e+24
 6.70839264e+02   1.34981923e+26
 6.70948721e+02   4.32498883e+26
 6.71058178e+02   8.11979334e+26
 6.71167635e+02   1.18282884e+27
 6.71277091e+02   1.46449120e+27
 6.71386548e+02   1.60117060e+27
 6.71496005e+02   1.57057928e+27
 6.71605462e+02   1.38552119e+27
 6.71714919e+02   1.08857361e+27
 6.71824376e+02   7.41421809e+26
 6.71933833e+02   4.11304474e+26
 6.72043290e+02   1.57398252e+26
 6.72152746e+02   1.97760852e+25
 6.72262203e+02   1.28910908e+25
 6.72371660e+02   1.24529387e+26
 6.72481117e+02   3.20054870e+26
 6.72590574e+02   5.50757895e+26
 6.72700031e+02   7.64404300e+26
 6.72809488e+02   9.15779488e+26
 6.72918944e+02   9.75165932e+26
 6.73028401e+02   9.33226248e+26
 6.73137858e+02   8.01560679e+26
 6.73247315e+02   6.09097780e+26
 6.73356772e+02   3.95282310e+26
 6.73466229e+02   2.01593721e+26
 6.73575686e+02   6.31653997e+25
 6.73685143e+02   2.15193393e+24
 6.73794599e+02   2.40534831e+25
 6.73904056e+02   1.17555947e+26
 6.74013513e+02   2.57721761e+26
 6.74122970e+02   4.11714432e+26
 6.74232427e+02   5.45784053e+26
 6.74341884e+02   6.32060106e+26
 6.74451341e+02   6.53812862e+26
 6.74560798e+02   6.08217826e+26
 6.74670254e+02   5.06202261e+26
 6.74779711e+02   3.69553017e+26
 6.74889168e+02   2.25999509e+26
 6.74998625e+02   1.03352550e+26
 6.75108082e+02   2.39144289e+25
 6.75217539e+02   2.62826928e+23
 6.75326996e+02   3.31848139e+25
 6.75436452e+02   1.12072063e+26
 6.75545909e+02   2.17583145e+26
 6.75655366e+02   3.25935408e+26
 6.75764823e+02   4.13892746e+26
 6.75874280e+02   4.63418689e+26
 6.75983737e+02   4.65077206e+26
 6.76093194e+02   4.19554556e+26
 6.76202651e+02   3.37078960e+26
 6.76312107e+02   2.34945374e+26
 6.76421564e+02   1.33723439e+26
 6.76531021e+02   5.29661364e+25
 6.76640478e+02   7.30262271e+24
 6.76749935e+02   3.68501343e+24
 6.76859392e+02   4.02957227e+25
 6.76968849e+02   1.07267909e+26
 6.77078306e+02   1.89001176e+26
 6.77187762e+02   2.67542684e+26
 6.77297219e+02   3.26310454e+26
 6.77406676e+02   3.53394993e+26
 6.77516133e+02   3.43789744e+26
 6.77625590e+02   3.00141366e+26
 6.77735047e+02   2.31924465e+26
 6.77844504e+02   1.53266450e+26
 6.77953960e+02   7.99118554e+25
 6.78063417e+02   2.59710065e+25
 6.78172874e+02   1.11782548e+24
 6.78282331e+02   8.78693803e+24
 6.78391788e+02   4.56988044e+25
 6.78501245e+02   1.02761784e+26
 6.78610702e+02   1.67120214e+26
 6.78720159e+02   2.24894103e+26
 6.78829615e+02   2.64031985e+26
 6.78939072e+02   2.76695449e+26
 6.79048529e+02   2.60708327e+26
 6.79157986e+02   2.19808491e+26
 6.79267443e+02   1.62691219e+26
 6.79376900e+02   1.01078058e+26
 6.79486357e+02   4.72346658e+25
 6.79595814e+02   0.00000000e+00
