 3.91815670e+02   9.00000000e-01   1.88884050e-07   6.02753200e-03   1.85121756e-07   5.91526267e-03
 3.91903178e+02   9.00201005e-01   1.96900546e-07   6.28334867e-03   1.91947355e-07   6.13336350e-03
 3.91990685e+02   9.00402010e-01   2.04711578e-07   6.53260871e-03   1.98485828e-07   6.34228972e-03
 3.92078193e+02   9.00603015e-01   2.12347361e-07   6.77627632e-03   2.04766118e-07   6.54296609e-03
 3.92165701e+02   9.00804020e-01   2.19869310e-07   7.01631137e-03   2.10843381e-07   6.73715508e-03
 3.92253208e+02   9.01005025e-01   2.27358418e-07   7.25529840e-03   2.16790249e-07   6.92717752e-03
 3.92340716e+02   9.01206030e-01   2.34900696e-07   7.49598216e-03   2.22686314e-07   7.11557661e-03
 3.92428224e+02   9.01407035e-01   2.42571521e-07   7.74076800e-03   2.28607041e-07   7.30476378e-03
 3.92515732e+02   9.01608040e-01   2.50420974e-07   7.99125409e-03   2.34613535e-07   7.49669146e-03
 3.92603239e+02   9.01809045e-01   2.58462301e-07   8.24786314e-03   2.40744509e-07   7.69259669e-03
 3.92690747e+02   9.02010050e-01   2.66665381e-07   8.50963393e-03   2.47011653e-07   7.89285301e-03
 3.92778255e+02   9.02211055e-01   2.74956588e-07   8.77421698e-03   2.53399231e-07   8.09695761e-03
 3.92865762e+02   9.02412060e-01   2.83225728e-07   9.03809582e-03   2.59868269e-07   8.30366514e-03
 3.92953270e+02   9.02613065e-01   2.91339875e-07   9.29702865e-03   2.66365177e-07   8.51126320e-03
 3.93040778e+02   9.02814070e-01   2.99163052e-07   9.54667625e-03   2.72834077e-07   8.71796630e-03
 3.93128285e+02   9.03015075e-01   3.06579851e-07   9.78335581e-03   2.79231631e-07   8.92238968e-03
 3.93215793e+02   9.03216080e-01   3.13520444e-07   1.00048390e-02   2.85542772e-07   9.12405186e-03
 3.93303301e+02   9.03417085e-01   3.19984030e-07   1.02111003e-02   2.91795515e-07   9.32384800e-03
 3.93390808e+02   9.03618090e-01   3.26057689e-07   1.04049186e-02   2.98073017e-07   9.52443533e-03
 3.93478316e+02   9.03819095e-01   3.31927918e-07   1.05922451e-02   3.04521245e-07   9.73047790e-03
 3.93565824e+02   9.04020101e-01   3.37882732e-07   1.07822709e-02   3.11350972e-07   9.94871063e-03
 3.93653331e+02   9.04221106e-01   3.44303182e-07   1.09871556e-02   3.18833416e-07   1.01877999e-02
 3.93740839e+02   9.04422111e-01   3.51644224e-07   1.12214177e-02   3.27289453e-07   1.04579987e-02
 3.93828347e+02   9.04623116e-01   3.60406138e-07   1.15010216e-02   3.37073051e-07   1.07706176e-02
 3.93915855e+02   9.04824121e-01   3.71098803e-07   1.18422382e-02   3.48550207e-07   1.11373513e-02
 3.94003362e+02   9.05025126e-01   3.84202113e-07   1.22603816e-02   3.62075199e-07   1.15695203e-02
 3.94090870e+02   9.05226131e-01   4.00126456e-07   1.27685478e-02   3.77966335e-07   1.20772955e-02
 3.94178378e+02   9.05427136e-01   4.19177378e-07   1.33764871e-02   3.96483465e-07   1.26689801e-02
 3.94265885e+02   9.05628141e-01   4.41528358e-07   1.40897355e-02   4.17809433e-07   1.33504165e-02
 3.94353393e+02   9.05829146e-01   4.67204907e-07   1.49091071e-02   4.42037279e-07   1.41245776e-02
 3.94440901e+02   9.06030151e-01   4.96082135e-07   1.58306165e-02   4.69164438e-07   1.49913816e-02
 3.94528408e+02   9.06231156e-01   5.27896574e-07   1.68458560e-02   4.99094508e-07   1.59477480e-02
 3.94615916e+02   9.06432161e-01   5.62271543e-07   1.79428053e-02   5.31646416e-07   1.69878909e-02
 3.94703424e+02   9.06633166e-01   5.98753860e-07   1.91070027e-02   5.66570102e-07   1.81038201e-02
 3.94790931e+02   9.06834171e-01   6.36858473e-07   2.03229697e-02   6.03567235e-07   1.92860029e-02
 3.94878439e+02   9.07035176e-01   6.76116637e-07   2.15757481e-02   6.42315101e-07   2.05241276e-02
 3.94965947e+02   9.07236181e-01   7.16122860e-07   2.28523979e-02   6.82491597e-07   2.18079017e-02
 3.95053454e+02   9.07437186e-01   7.56575927e-07   2.41433071e-02   7.23799367e-07   2.31278239e-02
 3.95140962e+02   9.07638191e-01   7.97309996e-07   2.54431834e-02   7.65987413e-07   2.44758739e-02
 3.95228470e+02   9.07839196e-01   8.38312825e-07   2.67516362e-02   8.08869020e-07   2.58460854e-02
 3.95315978e+02   9.08040201e-01   8.79729740e-07   2.80733030e-02   8.52335442e-07   2.72349838e-02
 3.95403485e+02   9.08241206e-01   9.21853562e-07   2.94175281e-02   8.96365422e-07   2.86418897e-02
 3.95490993e+02   9.08442211e-01   9.65102380e-07   3.07976534e-02   9.41031167e-07   3.00691105e-02
 3.95578501e+02   9.08643216e-01   1.00998849e-06   3.22300265e-02   9.86501799e-07   3.15220501e-02
 3.95666008e+02   9.08844221e-01   1.05708277e-06   3.37328655e-02   1.03304545e-06   3.30092764e-02
 3.95753516e+02   9.09045226e-01   1.10697942e-06   3.53251313e-02   1.08103108e-06   3.45425786e-02
 3.95841024e+02   9.09246231e-01   1.16026547e-06   3.70255576e-02   1.13093066e-06   3.61370380e-02
 3.95928531e+02   9.09447236e-01   1.21749925e-06   3.88519607e-02   1.18332190e-06   3.78111141e-02
 3.96016039e+02   9.09648241e-01   1.27920006e-06   4.08209125e-02   1.23889085e-06   3.95867291e-02
 3.96103547e+02   9.09849246e-01   1.34585017e-06   4.29478030e-02   1.29843312e-06   4.14893049e-02
 3.96191054e+02   9.10050251e-01   1.41790798e-06   4.52472601e-02   1.36285164e-06   4.35476931e-02
 3.96278562e+02   9.10251256e-01   1.49582958e-06   4.77338382e-02   1.43314873e-06   4.57939217e-02
 3.96366070e+02   9.10452261e-01   1.58009441e-06   5.04228369e-02   1.51041015e-06   4.82626837e-02
 3.96453577e+02   9.10653266e-01   1.67122977e-06   5.33310830e-02   1.59577901e-06   5.09905060e-02
 3.96541085e+02   9.10854271e-01   1.76982867e-06   5.64775003e-02   1.69041865e-06   5.40145608e-02
 3.96628593e+02   9.11055276e-01   1.87655612e-06   5.98833100e-02   1.79546443e-06   5.73711266e-02
 3.96716101e+02   9.11256281e-01   1.99214021e-06   6.35717462e-02   1.91196617e-06   6.10937490e-02
 3.96803608e+02   9.11457286e-01   2.11734632e-06   6.75672337e-02   2.04082461e-06   6.52112097e-02
 3.96891116e+02   9.11658291e-01   2.25293535e-06   7.18940531e-02   2.18272679e-06   6.97454615e-02
 3.96978624e+02   9.11859296e-01   2.39960912e-06   7.65746013e-02   2.33808661e-06   7.47097302e-02
 3.97066131e+02   9.12060302e-01   2.55794903e-06   8.16274307e-02   2.50699774e-06   8.01070088e-02
 3.97153639e+02   9.12261307e-01   2.72835527e-06   8.70653119e-02   2.68920597e-06   8.59291747e-02
 3.97241147e+02   9.12462312e-01   2.91099565e-06   9.28936006e-02   2.88410760e-06   9.21569369e-02
 3.97328654e+02   9.12663317e-01   3.10577277e-06   9.91091879e-02   3.09077858e-06   9.87607699e-02
 3.97416162e+02   9.12864322e-01   3.31231711e-06   1.05700282e-01   3.30803719e-06   1.05702913e-01
 3.97503670e+02   9.13065327e-01   3.53001180e-06   1.12647199e-01   3.53453934e-06   1.12940419e-01
 3.97591177e+02   9.13266332e-01   3.75805119e-06   1.19924228e-01   3.76890275e-06   1.20429118e-01
 3.97678685e+02   9.13467337e-01   3.99553173e-06   1.27502536e-01   4.00985219e-06   1.28128263e-01
 3.97766193e+02   9.13668342e-01   4.24156953e-06   1.35353917e-01   4.25637518e-06   1.36005501e-01
 3.97853700e+02   9.13869347e-01   4.49543491e-06   1.43455087e-01   4.50787450e-06   1.44041750e-01
 3.97941208e+02   9.14070352e-01   4.75669122e-06   1.51792111e-01   4.76430311e-06   1.52235507e-01
 3.98028716e+02   9.14271357e-01   5.02532282e-06   1.60364489e-01   5.02626611e-06   1.60606105e-01
 3.98116224e+02   9.14472362e-01   5.30183691e-06   1.69188408e-01   5.29507656e-06   1.69195503e-01
 3.98203731e+02   9.14673367e-01   5.58732467e-06   1.78298688e-01   5.57275462e-06   1.78068251e-01
 3.98291239e+02   9.14874372e-01   5.88347054e-06   1.87749082e-01   5.86196372e-06   1.87309455e-01
 3.98378747e+02   9.15075377e-01   6.19250248e-06   1.97610687e-01   6.16588330e-06   1.97020707e-01
 3.98466254e+02   9.15276382e-01   6.51708232e-06   2.07968446e-01   6.48802369e-06   2.07314176e-01
 3.98553762e+02   9.15477387e-01   6.86014165e-06   2.18915909e-01   6.83199492e-06   2.18305214e-01
 3.98641270e+02   9.15678392e-01   7.22467501e-06   2.30548635e-01   7.20124704e-06   2.30104061e-01
 3.98728777e+02   9.15879397e-01   7.61350834e-06   2.42956805e-01   7.59880399e-06   2.42807342e-01
 3.98816285e+02   9.16080402e-01   8.02906487e-06   2.56217746e-01   8.02701579e-06   2.56490149e-01
 3.98903793e+02   9.16281407e-01   8.47315338e-06   2.70389179e-01   8.48735463e-06   2.71199523e-01
 3.98991300e+02   9.16482412e-01   8.94680337e-06   2.85503957e-01   8.98027804e-06   2.86950084e-01
 3.99078808e+02   9.16683417e-01   9.45016924e-06   3.01567007e-01   9.50517831e-06   3.03722413e-01
 3.99166316e+02   9.16884422e-01   9.98251993e-06   3.18555000e-01   1.00604300e-05   3.21464571e-01
 3.99253823e+02   9.17085427e-01   1.05423230e-05   3.36419034e-01   1.06435390e-05   3.40096866e-01
 3.99341331e+02   9.17286432e-01   1.11274227e-05   3.55090313e-01   1.12513874e-05   3.59519665e-01
 3.99428839e+02   9.17487437e-01   1.17353002e-05   3.74488464e-01   1.18805559e-05   3.79623714e-01
 3.99516347e+02   9.17688442e-01   1.23633965e-05   3.94531822e-01   1.25276997e-05   4.00302137e-01
 3.99603854e+02   9.17889447e-01   1.30094658e-05   4.15148721e-01   1.31899424e-05   4.21463016e-01
 3.99691362e+02   9.18090452e-01   1.36719236e-05   4.36288598e-01   1.38652480e-05   4.43041303e-01
 3.99778870e+02   9.18291457e-01   1.43501483e-05   4.57931616e-01   1.45527319e-05   4.65008724e-01
 3.99866377e+02   9.18492462e-01   1.50446953e-05   4.80095502e-01   1.52528675e-05   4.87380412e-01
 3.99953885e+02   9.18693467e-01   1.57573881e-05   5.02838441e-01   1.59675573e-05   5.10217155e-01
 4.00041393e+02   9.18894472e-01   1.64912559e-05   5.26257104e-01   1.67000410e-05   5.33622471e-01
 4.00128900e+02   9.19095477e-01   1.72503038e-05   5.50479293e-01   1.74546291e-05   5.57734100e-01
 4.00216408e+02   9.19296482e-01   1.80391106e-05   5.75651128e-01   1.82362644e-05   5.82709976e-01
 4.00303916e+02   9.19497487e-01   1.88622705e-05   6.01919216e-01   1.90499277e-05   6.08709254e-01
 4.00391423e+02   9.19698492e-01   1.97237076e-05   6.29408778e-01   1.98999229e-05   6.35869460e-01
 4.00478931e+02   9.19899497e-01   2.06259084e-05   6.58199162e-01   2.07890884e-05   6.64281288e-01
 4.00566439e+02   9.20100503e-01   2.15691305e-05   6.88298585e-01   2.17179931e-05   6.93962918e-01
 4.00653946e+02   9.20301508e-01   2.25506519e-05   7.19620191e-01   2.26841831e-05   7.24835937e-01
 4.00741454e+02   9.20502513e-01   2.35641315e-05   7.51961623e-01   2.36815461e-05   7.56705040e-01
 4.00828962e+02   9.20703518e-01   2.45991443e-05   7.84990210e-01   2.46998585e-05   7.89243546e-01
 4.00916470e+02   9.20904523e-01   2.56409516e-05   8.18235614e-01   2.57245690e-05   8.21986492e-01
 4.01003977e+02   9.21105528e-01   2.66705475e-05   8.51091337e-01   2.67368603e-05   8.54332604e-01
 4.01091485e+02   9.21306533e-01   2.76650095e-05   8.82825896e-01   2.77140122e-05   8.85555891e-01
 4.01178993e+02   9.21507538e-01   2.85981559e-05   9.12603793e-01   2.86300661e-05   9.14826894e-01
 4.01266500e+02   9.21708543e-01   2.94414901e-05   9.39515667e-01   2.94567721e-05   9.41242933e-01
 4.01354008e+02   9.21909548e-01   3.01653912e-05   9.62616277e-01   3.01647747e-05   9.63865995e-01
 4.01441516e+02   9.22110553e-01   3.07404867e-05   9.80968311e-01   3.07249739e-05   9.81766243e-01
 4.01529023e+02   9.22311558e-01   3.11391285e-05   9.93689483e-01   3.11099857e-05   9.94068666e-01
 4.01616531e+02   9.22512563e-01   3.13368804e-05   1.00000000e+00   3.12956104e-05   1.00000000e+00
 4.01704039e+02   9.22713568e-01   3.13139218e-05   9.99267362e-01   3.12622169e-05   9.98932964e-01
 4.01791546e+02   9.22914573e-01   3.10562742e-05   9.91045495e-01   3.09959513e-05   9.90424882e-01
 4.01879054e+02   9.23115578e-01   3.05567652e-05   9.75105524e-01   3.04896887e-05   9.74248090e-01
 4.01966562e+02   9.23316583e-01   2.98156631e-05   9.51456007e-01   2.97436602e-05   9.50409971e-01
 4.02054069e+02   9.23517588e-01   2.88409324e-05   9.20351100e-01   2.87657097e-05   9.19161164e-01
 4.02141577e+02   9.23718593e-01   2.76480887e-05   8.82285929e-01   2.75711576e-05   8.80991208e-01
 4.02229085e+02   9.23919598e-01   2.62596569e-05   8.37979293e-01   2.61822747e-05   8.36611727e-01
 4.02316593e+02   9.24120603e-01   2.47042623e-05   7.88344658e-01   2.46273949e-05   7.86928087e-01
 4.02404100e+02   9.24321608e-01   2.30154089e-05   7.34451183e-01   2.29397190e-05   7.33001170e-01
 4.02491608e+02   9.24522613e-01   2.12300203e-05   6.77477146e-01   2.11558822e-05   6.76001582e-01
 4.02579116e+02   9.24723618e-01   1.93868319e-05   6.18658643e-01   1.93143699e-05   6.17159071e-01
 4.02666623e+02   9.24924623e-01   1.75247318e-05   5.59236644e-01   1.74538796e-05   5.57710152e-01
 4.02754131e+02   9.25125628e-01   1.56811493e-05   5.00405564e-01   1.56117229e-05   4.98847050e-01
 4.02841639e+02   9.25326633e-01   1.38905827e-05   4.43266288e-01   1.38223589e-05   4.41670853e-01
 4.02929146e+02   9.25527638e-01   1.21833472e-05   3.88786219e-01   1.21161401e-05   3.87151421e-01
 4.03016654e+02   9.25728643e-01   1.05846057e-05   3.37768328e-01   1.05183314e-05   3.36096062e-01
 4.03104162e+02   9.25929648e-01   9.11372203e-06   2.90830546e-01   9.04844770e-06   2.89128334e-01
 4.03191669e+02   9.26130653e-01   7.78395764e-06   2.48396060e-01   7.71992695e-06   2.46677628e-01
 4.03279177e+02   9.26331658e-01   6.60250416e-06   2.10694366e-01   6.54013874e-06   2.08979427e-01
 4.03366685e+02   9.26532663e-01   5.57082593e-06   1.77772192e-01   5.51070264e-06   1.76085482e-01
 4.03454192e+02   9.26733668e-01   4.68526689e-06   1.49512869e-01   4.62807370e-06   1.47882519e-01
 4.03541700e+02   9.26934673e-01   3.93786203e-06   1.25662222e-01   3.88433799e-06   1.24117662e-01
 4.03629208e+02   9.27135678e-01   3.31728506e-06   1.05858816e-01   3.26815112e-06   1.04428419e-01
 4.03716716e+02   9.27336683e-01   2.80986066e-06   8.96662535e-02   2.76574911e-06   8.83749851e-02
 4.03804223e+02   9.27537688e-01   2.40057181e-06   7.66053217e-02   2.36196204e-06   7.54726304e-02
 4.03891731e+02   9.27738693e-01   2.07399974e-06   6.61839887e-02   2.04116746e-06   6.52221649e-02
 4.03979239e+02   9.27939698e-01   1.81514551e-06   5.79236185e-02   1.78813055e-06   5.71367846e-02
 4.04066746e+02   9.28140704e-01   1.61009554e-06   5.13802114e-02   1.58869170e-06   5.07640425e-02
 4.04154254e+02   9.28341709e-01   1.44650937e-06   4.61599671e-02   1.43027707e-06   4.57021624e-02
 4.04241762e+02   9.28542714e-01   1.31392286e-06   4.19289618e-02   1.30222310e-06   4.16104075e-02
 4.04329269e+02   9.28743719e-01   1.20387477e-06   3.84171861e-02   1.19592052e-06   3.82136824e-02
 4.04416777e+02   9.28944724e-01   1.10987635e-06   3.54175762e-02   1.10479588e-06   3.53019439e-02
 4.04504285e+02   9.29145729e-01   1.02725312e-06   3.27809630e-02   1.02415868e-06   3.27253141e-02
 4.04591792e+02   9.29346734e-01   9.52893258e-07   3.04080446e-02   9.50948070e-07   3.03859889e-02
 4.04679300e+02   9.29547739e-01   8.84939549e-07   2.82395547e-02   8.83416610e-07   2.82281316e-02
 4.04766808e+02   9.29748744e-01   8.22460354e-07   2.62457636e-02   8.20787604e-07   2.62269242e-02
 4.04854315e+02   9.29949749e-01   7.65131224e-07   2.44163176e-02   7.62919250e-07   2.43778357e-02
 4.04941823e+02   9.30150754e-01   7.12952459e-07   2.27512263e-02   7.10002948e-07   2.26869819e-02
 4.05029331e+02   9.30351759e-01   6.66020405e-07   2.12535644e-02   6.62315637e-07   2.11632120e-02
 4.05116839e+02   9.30552764e-01   6.24362216e-07   1.99241982e-02   6.20037880e-07   1.98122955e-02
 4.05204346e+02   9.30753769e-01   5.87836080e-07   1.87586024e-02   5.83141337e-07   1.86333268e-02
 4.05291854e+02   9.30954774e-01   5.56092125e-07   1.77456121e-02   5.51341979e-07   1.76172304e-02
 4.05379362e+02   9.31155779e-01   5.28583991e-07   1.68677923e-02   5.24109572e-07   1.67470634e-02
 4.05466869e+02   9.31356784e-01   5.04617618e-07   1.61029946e-02   5.00719864e-07   1.59996836e-02
 4.05554377e+02   9.31557789e-01   4.83422274e-07   1.54266241e-02   4.80333784e-07   1.53482797e-02
 4.05641885e+02   9.31758794e-01   4.64229125e-07   1.48141461e-02   4.62087769e-07   1.47652582e-02
 4.05729392e+02   9.31959799e-01   4.46344468e-07   1.42434238e-02   4.45180800e-07   1.42250237e-02
 4.05816900e+02   9.32160804e-01   4.29207703e-07   1.36965677e-02   4.28946538e-07   1.37062844e-02
 4.05904408e+02   9.32361809e-01   4.12427712e-07   1.31610967e-02   4.12902597e-07   1.31936266e-02
 4.05991915e+02   9.32562814e-01   3.95795108e-07   1.26303289e-02   3.96773055e-07   1.26782334e-02
 4.06079423e+02   9.32763819e-01   3.79271356e-07   1.21030349e-02   3.80484152e-07   1.21577482e-02
 4.06166931e+02   9.32964824e-01   3.62958661e-07   1.15824759e-02   3.64136576e-07   1.16353882e-02
 4.06254438e+02   9.33165829e-01   3.47056536e-07   1.10750187e-02   3.47960215e-07   1.11184991e-02
 4.06341946e+02   9.33366834e-01   3.31812016e-07   1.05885465e-02   3.32258828e-07   1.06167870e-02
 4.06429454e+02   9.33567839e-01   3.17470488e-07   1.01308900e-02   3.17352483e-07   1.01404791e-02
 4.06516962e+02   9.33768844e-01   3.04233298e-07   9.70847428e-03   3.03525085e-07   9.69864721e-03
 4.06604469e+02   9.33969849e-01   2.92226719e-07   9.32532897e-03   2.90982919e-07   9.29788284e-03
 4.06691977e+02   9.34170854e-01   2.81485013e-07   8.98254739e-03   2.79828165e-07   8.94145093e-03
 4.06779485e+02   9.34371859e-01   2.71948175e-07   8.67821466e-03   2.70049110e-07   8.62897724e-03
 4.06866992e+02   9.34572864e-01   2.63473073e-07   8.40776329e-03   2.61526565e-07   8.35665328e-03
 4.06954500e+02   9.34773869e-01   2.55855116e-07   8.16466453e-03   2.54054026e-07   8.11788051e-03
 4.07042008e+02   9.34974874e-01   2.48856521e-07   7.94133039e-03   2.47367670e-07   7.90422894e-03
 4.07129515e+02   9.35175879e-01   2.42236794e-07   7.73008642e-03   2.41181430e-07   7.70655777e-03
 4.07217023e+02   9.35376884e-01   2.35781199e-07   7.52408013e-03   2.35222191e-07   7.51614006e-03
 4.07304531e+02   9.35577889e-01   2.29323621e-07   7.31801054e-03   2.29260604e-07   7.32564731e-03
 4.07392038e+02   9.35778894e-01   2.22761298e-07   7.10859841e-03   2.23133942e-07   7.12987983e-03
 4.07479546e+02   9.35979899e-01   2.16060182e-07   6.89475721e-03   2.16758757e-07   6.92617125e-03
 4.07567054e+02   9.36180905e-01   2.09250989e-07   6.67746712e-03   2.10132555e-07   6.71444181e-03
 4.07654561e+02   9.36381910e-01   2.02417220e-07   6.45939282e-03   2.03325138e-07   6.49692193e-03
 4.07742069e+02   9.36582915e-01   1.95677365e-07   6.24431541e-03   1.96461541e-07   6.27760693e-03
 4.07829577e+02   9.36783920e-01   1.89164053e-07   6.03646727e-03   1.89699374e-07   6.06153297e-03
 4.07917085e+02   9.36984925e-01   1.83003127e-07   5.83986422e-03   1.83203865e-07   5.85397961e-03
 4.08004592e+02   9.37185930e-01   1.77295361e-07   5.65772211e-03   1.77123947e-07   5.65970578e-03
 4.08092100e+02   9.37386935e-01   1.72103007e-07   5.49202744e-03   1.71572346e-07   5.48231344e-03
 4.08179608e+02   9.37587940e-01   1.67442556e-07   5.34330649e-03   1.66611894e-07   5.32381034e-03
 4.08267115e+02   9.37788945e-01   1.63284203e-07   5.21060809e-03   1.62249365e-07   5.18441285e-03
 4.08354623e+02   9.37989950e-01   1.59557577e-07   5.09168671e-03   1.58437050e-07   5.06259657e-03
 4.08442131e+02   9.38190955e-01   1.56162552e-07   4.98334711e-03   1.55081352e-07   4.95537073e-03
 4.08529638e+02   9.38391960e-01   1.52983332e-07   4.88189411e-03   1.52056783e-07   4.85872558e-03
 4.08617146e+02   9.38592965e-01   1.49903751e-07   4.78362073e-03   1.49223209e-07   4.76818337e-03
 4.08704654e+02   9.38793970e-01   1.46821686e-07   4.68526809e-03   1.46443979e-07   4.67937762e-03
 4.08792161e+02   9.38994975e-01   1.43660740e-07   4.58439827e-03   1.43602149e-07   4.58857160e-03
 4.08879669e+02   9.39195980e-01   1.40377844e-07   4.47963684e-03   1.40615207e-07   4.49312876e-03
 4.08967177e+02   9.39396985e-01   1.36966029e-07   4.37076146e-03   1.37432781e-07   4.39143955e-03
 4.09054684e+02   9.39597990e-01   1.33452320e-07   4.25863449e-03   1.34098641e-07   4.28490254e-03
 4.09142192e+02   9.39798995e-01   1.29891311e-07   4.14499815e-03   1.30399070e-07   4.16668883e-03
 4.09229700e+02   9.40000000e-01   0.00000000e+00   0.00000000e+00   0.00000000e+00   0.00000000e+00
