 3.91815670e+02   9.57467422e+25
 3.91903178e+02   2.52212343e+25
 3.91990685e+02   6.06786774e+20
 3.92078193e+02   2.69491633e+25
 3.92165701e+02   1.06214743e+26
 3.92253208e+02   2.30884497e+26
 3.92340716e+02   3.87576127e+26
 3.92428224e+02   5.57930631e+26
 3.92515732e+02   7.20850501e+26
 3.92603239e+02   8.55220078e+26
 3.92690747e+02   9.42767332e+26
 3.92778255e+02   9.70690426e+26
 3.92865762e+02   9.33684694e+26
 3.92953270e+02   8.35066993e+26
 3.93040778e+02   6.86799032e+26
 3.93128285e+02   5.08347625e+26
 3.93215793e+02   3.24471511e+26
 3.93303301e+02   1.62172163e+26
 3.93390808e+02   4.71703030e+25
 3.93478316e+02   3.52913462e+23
 3.93565824e+02   3.46644071e+25
 3.93653331e+02   1.52883480e+26
 3.93740839e+02   3.46634922e+26
 3.93828347e+02   5.96842119e+26
 3.93915855e+02   8.75647018e+26
 3.94003362e+02   1.14963144e+27
 3.94090870e+02   1.38399112e+27
 3.94178378e+02   1.54716633e+27
 3.94265885e+02   1.61534138e+27
 3.94353393e+02   1.57620551e+27
 3.94440901e+02   1.43142592e+27
 3.94528408e+02   1.19741747e+27
 3.94615916e+02   9.04190598e+26
 3.94703424e+02   5.92296937e+26
 3.94790931e+02   3.08143371e+26
 3.94878439e+02   9.81784046e+25
 3.94965947e+02   2.63794284e+24
 3.95053454e+02   4.96447309e+25
 3.95140962e+02   2.50467510e+26
 3.95228470e+02   5.96654624e+26
 3.95315978e+02   1.05956686e+27
 3.95403485e+02   1.59256307e+27
 3.95490993e+02   2.13576808e+27
 3.95578501e+02   2.62301322e+27
 3.95666008e+02   2.99022613e+27
 3.95753516e+02   3.18430127e+27
 3.95841024e+02   3.17133936e+27
 3.95928531e+02   2.94313033e+27
 3.96016039e+02   2.52088052e+27
 3.96103547e+02   1.95544647e+27
 3.96191054e+02   1.32371293e+27
 3.96278562e+02   7.21204997e+26
 3.96366070e+02   2.51504233e+26
 3.96453577e+02   1.34911890e+25
 3.96541085e+02   8.78047434e+25
 3.96628593e+02   5.24142338e+26
 3.96716101e+02   1.33108550e+27
 3.96803608e+02   2.47000146e+27
 3.96891116e+02   3.85424393e+27
 3.96978624e+02   5.35437690e+27
 3.97066131e+02   6.80951770e+27
 3.97153639e+02   8.04420074e+27
 3.97241147e+02   8.88947460e+27
 3.97328654e+02   9.20633839e+27
 3.97416162e+02   8.90917322e+27
 3.97503670e+02   7.98659035e+27
 3.97591177e+02   6.51714174e+27
 3.97678685e+02   4.67763586e+27
 3.97766193e+02   2.74235987e+27
 3.97853700e+02   1.07228768e+27
 3.97941208e+02   9.42845892e+25
 3.98028716e+02   2.71317585e+26
 3.98116224e+02   2.06564720e+27
 3.98203731e+02   5.89781294e+27
 3.98291239e+02   1.21048374e+28
 3.98378747e+02   2.09013925e+28
 3.98466254e+02   3.23476460e+28
 3.98553762e+02   4.63271280e+28
 3.98641270e+02   6.25372402e+28
 3.98728777e+02   8.04940353e+28
 3.98816285e+02   9.95517047e+28
 3.98903793e+02   1.18935930e+29
 3.98991300e+02   1.37789006e+29
 3.99078808e+02   1.55223540e+29
 3.99166316e+02   1.70380684e+29
 3.99253823e+02   1.82488355e+29
 3.99341331e+02   1.90914786e+29
 3.99428839e+02   1.95213053e+29
 3.99516347e+02   1.95152912e+29
 3.99603854e+02   1.90737318e+29
 3.99691362e+02   1.82202231e+29
 3.99778870e+02   1.69999747e+29
 3.99866377e+02   1.54765929e+29
 3.99953885e+02   1.37276029e+29
 4.00041393e+02   1.18390749e+29
 4.00128900e+02   9.89979412e+28
 4.00216408e+02   7.99543774e+28
 4.00303916e+02   6.20321620e+28
 4.00391423e+02   4.58737980e+28
 4.00478931e+02   3.19590980e+28
 4.00566439e+02   2.05860086e+28
 4.00653946e+02   1.18661677e+28
 4.00741454e+02   5.73473152e+27
 4.00828962e+02   1.97281894e+27
 4.00916470e+02   2.39925971e+26
 4.01003977e+02   1.12954332e+26
 4.01091485e+02   1.12812204e+27
 4.01178993e+02   2.82200743e+27
 4.01266500e+02   4.76830266e+27
 4.01354008e+02   6.60747314e+27
 4.01441516e+02   8.06736120e+27
 4.01529023e+02   8.97374396e+27
 4.01616531e+02   9.25085651e+27
 4.01704039e+02   8.91282382e+27
 4.01791546e+02   8.04772170e+27
 4.01879054e+02   6.79654246e+27
 4.01966562e+02   5.32963370e+27
 4.02054069e+02   3.82319632e+27
 4.02141577e+02   2.43818815e+27
 4.02229085e+02   1.30352252e+27
 4.02316593e+02   5.04839256e+26
 4.02404100e+02   7.94322701e+25
 4.02491608e+02   1.72201575e+25
 4.02579116e+02   2.67017932e+26
 4.02666623e+02   7.46869302e+26
 4.02754131e+02   1.35687388e+27
 4.02841639e+02   1.99281397e+27
 4.02929146e+02   2.55895077e+27
 4.03016654e+02   2.97859868e+27
 4.03104162e+02   3.20145947e+27
 4.03191669e+02   3.20715512e+27
 4.03279177e+02   3.00488127e+27
 4.03366685e+02   2.62955742e+27
 4.03454192e+02   2.13522557e+27
 4.03541700e+02   1.58670939e+27
 4.03629208e+02   1.05066973e+27
 4.03716716e+02   5.87174709e+26
 4.03804223e+02   2.42755814e+26
 4.03891731e+02   4.56714865e+25
 4.03979239e+02   3.78248944e+24
 4.04066746e+02   1.05100913e+26
 4.04154254e+02   3.20748805e+26
 4.04241762e+02   6.09790424e+26
 4.04329269e+02   9.25212831e+26
 4.04416777e+02   1.22023999e+27
 4.04504285e+02   1.45418017e+27
 4.04591792e+02   1.59711671e+27
 4.04679300e+02   1.63293925e+27
 4.04766808e+02   1.56044864e+27
 4.04854315e+02   1.39252266e+27
 4.04941823e+02   1.15356964e+27
 4.05029331e+02   8.75694468e+26
 4.05116839e+02   5.94134964e+26
 4.05204346e+02   3.42583544e+26
 4.05291854e+02   1.48986787e+26
 4.05379362e+02   3.23214336e+25
 4.05466869e+02   6.94780605e+23
 4.05554377e+02   5.09321888e+25
 4.05641885e+02   1.69619307e+26
 4.05729392e+02   3.35386157e+26
 4.05816900e+02   5.22076100e+26
 4.05904408e+02   7.02350851e+26
 4.05991915e+02   8.51251808e+26
 4.06079423e+02   9.49268764e+26
 4.06166931e+02   9.84552574e+26
 4.06254438e+02   9.54035090e+26
 4.06341946e+02   8.63369881e+26
 4.06429454e+02   7.25760749e+26
 4.06516962e+02   5.59882669e+26
 4.06604469e+02   3.87204816e+26
 4.06691977e+02   2.29086227e+26
 4.06779485e+02   1.04025793e+26
 4.06866992e+02   2.54105855e+25
 4.06954500e+02   2.69580146e+22
 4.07042008e+02   2.74894891e+25
 4.07129515e+02   1.00618668e+26
 4.07217023e+02   2.06675792e+26
 4.07304531e+02   3.29258163e+26
 4.07392038e+02   4.50582025e+26
 4.07479546e+02   5.53843037e+26
 4.07567054e+02   6.25347643e+26
 4.07654561e+02   6.56151178e+26
 4.07742069e+02   6.43013051e+26
 4.07829577e+02   5.88574856e+26
 4.07917085e+02   5.00770948e+26
 4.08004592e+02   3.91579165e+26
 4.08092100e+02   2.75299762e+26
 4.08179608e+02   1.66603663e+26
 4.08267115e+02   7.86111718e+25
 4.08354623e+02   2.12479757e+25
 4.08442131e+02   7.98780175e+22
 4.08529638e+02   1.57581809e+25
 4.08617146e+02   6.41238217e+25
 4.08704654e+02   1.36931575e+26
 4.08792161e+02   2.23077085e+26
 4.08879669e+02   3.10148990e+26
 4.08967177e+02   3.86093003e+26
 4.09054684e+02   4.40768225e+26
 4.09142192e+02   4.67197916e+26
 4.09229700e+02   0.00000000e+00
