 6.57813896e+02   1.51000000e+00   5.86193021e-08   3.70581301e-03   5.85078930e-08   3.71614621e-03
 6.57960084e+02   1.51033557e+00   6.03069403e-08   3.81250264e-03   5.99055293e-08   3.80491749e-03
 6.58106271e+02   1.51067114e+00   6.21102368e-08   3.92650399e-03   6.11955350e-08   3.88685258e-03
 6.58252459e+02   1.51100671e+00   6.44686722e-08   4.07560028e-03   6.27959537e-08   3.98850365e-03
 6.58398646e+02   1.51134228e+00   6.76498932e-08   4.27671169e-03   6.50073053e-08   4.12895831e-03
 6.58544833e+02   1.51167785e+00   7.16393858e-08   4.52892066e-03   6.79072612e-08   4.31314987e-03
 6.58691021e+02   1.51201342e+00   7.61107472e-08   4.81159255e-03   7.13085406e-08   4.52918314e-03
 6.58837208e+02   1.51234899e+00   8.04907590e-08   5.08848948e-03   7.47971197e-08   4.75076128e-03
 6.58983395e+02   1.51268456e+00   8.41048709e-08   5.31696751e-03   7.78432635e-08   4.94423801e-03
 6.59129583e+02   1.51302013e+00   8.63636331e-08   5.45976263e-03   7.99557363e-08   5.07841235e-03
 6.59275770e+02   1.51335570e+00   8.69371519e-08   5.49601952e-03   8.08356074e-08   5.13429762e-03
 6.59421957e+02   1.51369128e+00   8.58673334e-08   5.42838741e-03   8.04851234e-08   5.11203653e-03
 6.59568145e+02   1.51402685e+00   8.35859120e-08   5.28415981e-03   7.92396995e-08   5.03293305e-03
 6.59714332e+02   1.51436242e+00   8.08343562e-08   5.11021111e-03   7.77134775e-08   4.93599461e-03
 6.59860520e+02   1.51469799e+00   7.85107056e-08   4.96331386e-03   7.66742068e-08   4.86998502e-03
 6.60006707e+02   1.51503356e+00   7.74888646e-08   4.89871480e-03   7.68834676e-08   4.88327629e-03
 6.60152894e+02   1.51536913e+00   7.84612755e-08   4.96018897e-03   7.89470854e-08   5.01434758e-03
 6.60299082e+02   1.51570470e+00   8.18446756e-08   5.17408179e-03   8.32152296e-08   5.28544003e-03
 6.60445269e+02   1.51604027e+00   8.77649406e-08   5.54835092e-03   8.97540608e-08   5.70075583e-03
 6.60591456e+02   1.51637584e+00   9.61092878e-08   6.07586642e-03   9.83868683e-08   6.24907117e-03
 6.60737644e+02   1.51671141e+00   1.06612297e-07   6.73984885e-03   1.08780588e-07   6.90923134e-03
 6.60883831e+02   1.51704698e+00   1.18934223e-07   7.51882017e-03   1.20540993e-07   7.65619697e-03
 6.61030018e+02   1.51738255e+00   1.32698974e-07   8.38900440e-03   1.33281155e-07   8.46539216e-03
 6.61176206e+02   1.51771812e+00   1.47481714e-07   9.32354423e-03   1.46642560e-07   9.31404576e-03
 6.61322393e+02   1.51805369e+00   1.62763949e-07   1.02896612e-02   1.60271350e-07   1.01796824e-02
 6.61468581e+02   1.51838926e+00   1.77896051e-07   1.12462871e-02   1.73775029e-07   1.10373726e-02
 6.61614768e+02   1.51872483e+00   1.92114013e-07   1.21451225e-02   1.86698709e-07   1.18582240e-02
 6.61760955e+02   1.51906040e+00   2.04643958e-07   1.29372445e-02   1.98558367e-07   1.26114936e-02
 6.61907143e+02   1.51939597e+00   2.14897219e-07   1.35854383e-02   2.08950457e-07   1.32715504e-02
 6.62053330e+02   1.51973154e+00   2.22719756e-07   1.40799658e-02   2.17727357e-07   1.38290178e-02
 6.62199517e+02   1.52006711e+00   2.28625972e-07   1.44533468e-02   2.25195906e-07   1.43033849e-02
 6.62345705e+02   1.52040268e+00   2.33931755e-07   1.47887694e-02   2.32273347e-07   1.47529107e-02
 6.62491892e+02   1.52073826e+00   2.40713434e-07   1.52174957e-02   2.40530765e-07   1.52773830e-02
 6.62638079e+02   1.52107383e+00   2.51558412e-07   1.59030968e-02   2.52073327e-07   1.60105123e-02
 6.62784267e+02   1.52140940e+00   2.69130664e-07   1.70139848e-02   2.69246527e-07   1.71012731e-02
 6.62930454e+02   1.52174497e+00   2.95634011e-07   1.86894816e-02   2.94208538e-07   1.86867427e-02
 6.63076642e+02   1.52208054e+00   3.32299462e-07   2.10074093e-02   3.28456418e-07   2.08620070e-02
 6.63222829e+02   1.52241611e+00   3.79034765e-07   2.39619360e-02   3.72423248e-07   2.36545732e-02
 6.63369016e+02   1.52275168e+00   4.34347393e-07   2.74587066e-02   4.25263338e-07   2.70107273e-02
 6.63515204e+02   1.52308725e+00   4.95590909e-07   3.13304180e-02   4.84909850e-07   3.07991932e-02
 6.63661391e+02   1.52342282e+00   5.59503668e-07   3.53708744e-02   5.48429179e-07   3.48336423e-02
 6.63807578e+02   1.52375839e+00   6.22930067e-07   3.93805839e-02   6.12623183e-07   3.89109435e-02
 6.63953766e+02   1.52409396e+00   6.83560265e-07   4.32135224e-02   6.74762378e-07   4.28577329e-02
 6.64099953e+02   1.52442953e+00   7.40511188e-07   4.68138633e-02   7.33289288e-07   4.65750869e-02
 6.64246140e+02   1.52476510e+00   7.94604905e-07   5.02335765e-02   7.88324295e-07   5.00706518e-02
 6.64392328e+02   1.52510067e+00   8.48272720e-07   5.36263649e-02   8.41840972e-07   5.34697795e-02
 6.64538515e+02   1.52543624e+00   9.05105665e-07   5.72192474e-02   8.97447399e-07   5.70016381e-02
 6.64684703e+02   1.52577181e+00   9.69159835e-07   6.12686436e-02   9.59798789e-07   6.09619052e-02
 6.64830890e+02   1.52610738e+00   1.04418465e-06   6.60115853e-02   1.03375385e-06   6.56591830e-02
 6.64977077e+02   1.52644295e+00   1.13295779e-06   7.16236728e-02   1.12345144e-06   7.13563522e-02
 6.65123265e+02   1.52677852e+00   1.23687906e-06   7.81933993e-02   1.23150948e-06   7.82196903e-02
 6.65269452e+02   1.52711409e+00   1.35590621e-06   8.57180945e-02   1.35852794e-06   8.62873058e-02
 6.65415639e+02   1.52744966e+00   1.48882895e-06   9.41212452e-02   1.50301637e-06   9.54645313e-02
 6.65561827e+02   1.52778523e+00   1.63379632e-06   1.03285837e-01   1.66177688e-06   1.05548252e-01
 6.65708014e+02   1.52812081e+00   1.78895898e-06   1.13094957e-01   1.83067694e-06   1.16275990e-01
 6.65854201e+02   1.52845638e+00   1.95307328e-06   1.23469985e-01   2.00566247e-06   1.27390248e-01
 6.66000389e+02   1.52879195e+00   2.12593898e-06   1.34398263e-01   2.18380990e-06   1.38705334e-01
 6.66146576e+02   1.52912752e+00   2.30859672e-06   1.45945575e-01   2.36420524e-06   1.50163198e-01
 6.66292764e+02   1.52946309e+00   2.50327621e-06   1.58252883e-01   2.54847152e-06   1.61866925e-01
 6.66438951e+02   1.52979866e+00   2.71314366e-06   1.71520348e-01   2.74083378e-06   1.74084872e-01
 6.66585138e+02   1.53013423e+00   2.94193155e-06   1.85983931e-01   2.94770128e-06   1.87224123e-01
 6.66731326e+02   1.53046980e+00   3.19354084e-06   2.01890244e-01   3.17683859e-06   2.01777847e-01
 6.66877513e+02   1.53080537e+00   3.47168803e-06   2.19474238e-01   3.43627653e-06   2.18256125e-01
 6.67023700e+02   1.53114094e+00   3.77963843e-06   2.38942341e-01   3.73316298e-06   2.37112956e-01
 6.67169888e+02   1.53147651e+00   4.12003544e-06   2.60461664e-01   4.07276587e-06   2.58682934e-01
 6.67316075e+02   1.53181208e+00   4.49481521e-06   2.84154606e-01   4.45781296e-06   2.83139315e-01
 6.67462262e+02   1.53214765e+00   4.90518966e-06   3.10097784e-01   4.88829042e-06   3.10481218e-01
 6.67608450e+02   1.53248322e+00   5.35168703e-06   3.38324591e-01   5.36173500e-06   3.40552191e-01
 6.67754637e+02   1.53281879e+00   5.83424737e-06   3.68831239e-01   5.87395764e-06   3.73086165e-01
 6.67900824e+02   1.53315436e+00   6.35237124e-06   4.01586153e-01   6.42004643e-06   4.07771156e-01
 6.68047012e+02   1.53348993e+00   6.90530668e-06   4.36541795e-01   6.99543063e-06   4.44316855e-01
 6.68193199e+02   1.53382550e+00   7.49223154e-06   4.73646191e-01   7.59675919e-06   4.82510417e-01
 6.68339387e+02   1.53416107e+00   8.11235594e-06   5.12849405e-01   8.22236445e-06   5.22245921e-01
 6.68485574e+02   1.53449664e+00   8.76484635e-06   5.54098743e-01   8.87214714e-06   5.63517061e-01
 6.68631761e+02   1.53483221e+00   9.44847517e-06   5.97316600e-01   9.54682270e-06   6.06369280e-01
 6.68777949e+02   1.53516779e+00   1.01609383e-05   6.42357314e-01   1.02465968e-05   6.50815638e-01
 6.68924136e+02   1.53550336e+00   1.08978577e-05   6.88944111e-01   1.09694658e-05   6.96728878e-01
 6.69070323e+02   1.53583893e+00   1.16515844e-05   7.36593436e-01   1.17094422e-05   7.43728698e-01
 6.69216511e+02   1.53617450e+00   1.24100151e-05   7.84540139e-01   1.24550584e-05   7.91086733e-01
 6.69362698e+02   1.53651007e+00   1.31557045e-05   8.31681363e-01   1.31884957e-05   8.37671220e-01
 6.69508885e+02   1.53684564e+00   1.38655696e-05   8.76557830e-01   1.38856060e-05   8.81948388e-01
 6.69655073e+02   1.53718121e+00   1.45114239e-05   9.17387647e-01   1.45169606e-05   9.22049065e-01
 6.69801260e+02   1.53751678e+00   1.50614589e-05   9.52159928e-01   1.50498872e-05   9.55898057e-01
 6.69947448e+02   1.53785235e+00   1.54826152e-05   9.78784714e-01   1.54512818e-05   9.81392756e-01
 6.70093635e+02   1.53818792e+00   1.57436063e-05   9.95284127e-01   1.56908366e-05   9.96608151e-01
 6.70239822e+02   1.53852349e+00   1.58182029e-05   1.00000000e+00   1.57442387e-05   1.00000000e+00
 6.70386010e+02   1.53885906e+00   1.56883005e-05   9.91787789e-01   1.55958861e-05   9.90577337e-01
 6.70532197e+02   1.53919463e+00   1.53462957e-05   9.70166825e-01   1.52407393e-05   9.68020085e-01
 6.70678384e+02   1.53953020e+00   1.47963947e-05   9.35403019e-01   1.46850641e-05   9.32726209e-01
 6.70824572e+02   1.53986577e+00   1.40546457e-05   8.88510904e-01   1.39459941e-05   8.85783958e-01
 6.70970759e+02   1.54020134e+00   1.31476946e-05   8.31174986e-01   1.30500228e-05   8.28876075e-01
 6.71116946e+02   1.54053691e+00   1.21104663e-05   7.65603170e-01   1.20306797e-05   7.64132195e-01
 6.71263134e+02   1.54087248e+00   1.09831274e-05   6.94334714e-01   1.09257372e-05   6.93951446e-01
 6.71409321e+02   1.54120805e+00   9.80776441e-06   6.20030257e-01   9.77431907e-06   6.20818779e-01
 6.71555509e+02   1.54154362e+00   8.62520814e-06   5.45271052e-01   8.61423844e-06   5.47135914e-01
 6.71701696e+02   1.54187919e+00   7.47235434e-06   4.72389588e-01   7.47980742e-06   4.75082190e-01
 6.71847883e+02   1.54221477e+00   6.38020379e-06   4.03345679e-01   6.40024724e-06   4.06513605e-01
 6.71994071e+02   1.54255034e+00   5.37270267e-06   3.39653164e-01   5.39872308e-06   3.42901500e-01
 6.72140258e+02   1.54288591e+00   4.46633934e-06   2.82354410e-01   4.49194480e-06   2.85307208e-01
 6.72286445e+02   1.54322148e+00   3.67036774e-06   2.32034433e-01   3.69022918e-06   2.34386003e-01
 6.72432633e+02   1.54355705e+00   2.98748952e-06   1.88864028e-01   2.99790896e-06   1.90413078e-01
 6.72578820e+02   1.54389262e+00   2.41483092e-06   1.52661522e-01   2.41398965e-06   1.53325270e-01
 6.72725007e+02   1.54422819e+00   1.94508102e-06   1.22964728e-01   1.93298207e-06   1.22773931e-01
 6.72871195e+02   1.54456376e+00   1.56769607e-06   9.91070906e-02   1.54586188e-06   9.81858763e-02
 6.73017382e+02   1.54489933e+00   1.27010518e-06   8.02938984e-02   1.24111718e-06   7.88299267e-02
 6.73163570e+02   1.54523490e+00   1.03886626e-06   6.56753658e-02   1.00583959e-06   6.38862001e-02
 6.73309757e+02   1.54557047e+00   8.60720131e-07   5.44132691e-02   8.26796895e-07   5.25142504e-02
 6.73455944e+02   1.54590604e+00   7.23482356e-07   4.57373294e-02   6.91408527e-07   4.39150180e-02
 6.73602132e+02   1.54624161e+00   6.16709250e-07   3.89873144e-02   5.88537117e-07   3.73811098e-02
 6.73748319e+02   1.54657718e+00   5.32085106e-07   3.36375193e-02   5.09020862e-07   3.23306112e-02
 6.73894506e+02   1.54691275e+00   4.63506626e-07   2.93021040e-02   4.45901981e-07   2.83215968e-02
 6.74040694e+02   1.54724832e+00   4.06883211e-07   2.57224676e-02   3.94352229e-07   2.50473990e-02
 6.74186881e+02   1.54758389e+00   3.59718163e-07   2.27407731e-02   3.51346160e-07   2.23158557e-02
 6.74333068e+02   1.54791946e+00   3.20572591e-07   2.02660564e-02   3.15173848e-07   2.00183606e-02
 6.74479256e+02   1.54825503e+00   2.88529497e-07   1.82403462e-02   2.84906114e-07   1.80958965e-02
 6.74625443e+02   1.54859060e+00   2.62764280e-07   1.66115128e-02   2.59921248e-07   1.65089753e-02
 6.74771631e+02   1.54892617e+00   2.42292057e-07   1.53172935e-02   2.39574092e-07   1.52166197e-02
 6.74917818e+02   1.54926174e+00   2.25911166e-07   1.42817213e-02   2.23043993e-07   1.41667055e-02
 6.75064005e+02   1.54959732e+00   2.12310241e-07   1.34218939e-02   2.09349783e-07   1.32969137e-02
 6.75210193e+02   1.54993289e+00   2.00267469e-07   1.26605703e-02   1.97480276e-07   1.25430184e-02
 6.75356380e+02   1.55026846e+00   1.88855125e-07   1.19391012e-02   1.86567509e-07   1.18498908e-02
 6.75502567e+02   1.55060403e+00   1.77573098e-07   1.12258706e-02   1.76031072e-07   1.11806658e-02
 6.75648755e+02   1.55093960e+00   1.66366871e-07   1.05174318e-02   1.65642790e-07   1.05208510e-02
 6.75794942e+02   1.55127517e+00   1.55527327e-07   9.83217421e-03   1.55493758e-07   9.87623221e-03
 6.75941129e+02   1.55161074e+00   1.45508497e-07   9.19880075e-03   1.45879624e-07   9.26558763e-03
 6.76087317e+02   1.55194631e+00   1.36723307e-07   8.64341592e-03   1.37144938e-07   8.71080146e-03
 6.76233504e+02   1.55228188e+00   1.29380403e-07   8.17920996e-03   1.29536863e-07   8.22757235e-03
 6.76379692e+02   1.55261745e+00   1.23407811e-07   7.80163282e-03   1.23111226e-07   7.81944611e-03
 6.76525879e+02   1.55295302e+00   1.18478564e-07   7.49001421e-03   1.17713724e-07   7.47662217e-03
 6.76672066e+02   1.55328859e+00   1.14120175e-07   7.21448423e-03   1.13033576e-07   7.17936115e-03
 6.76818254e+02   1.55362416e+00   1.09864763e-07   6.94546428e-03   1.08704514e-07   6.90439947e-03
 6.76964441e+02   1.55395973e+00   1.05387225e-07   6.66240188e-03   1.04415554e-07   6.63198495e-03
 6.77110628e+02   1.55429530e+00   1.00586990e-07   6.35893915e-03   9.99945347e-08   6.35118258e-03
 6.77256816e+02   1.55463087e+00   9.55908035e-08   6.04308872e-03   9.54396844e-08   6.06187991e-03
 6.77403003e+02   1.55496644e+00   9.06815777e-08   5.73273578e-03   9.08936093e-08   5.77313460e-03
 6.77549190e+02   1.55530201e+00   8.61822707e-08   5.44829721e-03   8.65733008e-08   5.49872892e-03
 6.77695378e+02   1.55563758e+00   8.23364749e-08   5.20517251e-03   8.26829452e-08   5.25163183e-03
 6.77841565e+02   1.55597315e+00   7.92254733e-08   5.00850026e-03   7.93396538e-08   5.03928168e-03
 6.77987753e+02   1.55630872e+00   7.67466105e-08   4.85179075e-03   7.65354473e-08   4.86117167e-03
 6.78133940e+02   1.55664430e+00   7.46556989e-08   4.71960686e-03   7.41449515e-08   4.70933862e-03
 6.78280127e+02   1.55697987e+00   7.26546379e-08   4.59310317e-03   7.19723744e-08   4.57134674e-03
 6.78426315e+02   1.55731544e+00   7.04915971e-08   4.45635939e-03   6.98188224e-08   4.43456325e-03
 6.78572502e+02   1.55765101e+00   6.80390991e-08   4.30131663e-03   6.75457353e-08   4.29018745e-03
 6.78718689e+02   1.55798658e+00   6.53250703e-08   4.12974032e-03   6.51134211e-08   4.13569829e-03
 6.78864877e+02   1.55832215e+00   6.25094069e-08   3.95173885e-03   6.25834148e-08   3.97500419e-03
 6.79011064e+02   1.55865772e+00   5.98174940e-08   3.78156068e-03   6.00874836e-08   3.81647437e-03
 6.79157251e+02   1.55899329e+00   5.74559670e-08   3.63226893e-03   5.77706096e-08   3.66931743e-03
 6.79303439e+02   1.55932886e+00   5.55404617e-08   3.51117393e-03   5.57614775e-08   3.54170681e-03
 6.79449626e+02   1.55966443e+00   5.40592121e-08   3.41753184e-03   5.39897617e-08   3.42917575e-03
 6.79595814e+02   1.56000000e+00   0.00000000e+00   0.00000000e+00   0.00000000e+00   0.00000000e+00
