 6.57813896e+02   3.07935013e+26
 6.57960084e+02   1.70427267e+26
 6.58106271e+02   5.15288123e+25
 6.58252459e+02   1.81630520e+23
 6.58398646e+02   4.35007676e+25
 6.58544833e+02   1.75159342e+26
 6.58691021e+02   3.55439614e+26
 6.58837208e+02   5.23736003e+26
 6.58983395e+02   6.19735526e+26
 6.59129583e+02   6.06020113e+26
 6.59275770e+02   4.83790250e+26
 6.59421957e+02   2.95356144e+26
 6.59568145e+02   1.11477512e+26
 6.59714332e+02   7.10400285e+24
 6.59860520e+02   3.36383501e+25
 6.60006707e+02   1.97765067e+26
 6.60152894e+02   4.55250796e+26
 6.60299082e+02   7.23254326e+26
 6.60445269e+02   9.08118568e+26
 6.60591456e+02   9.39628448e+26
 6.60737644e+02   7.99552898e+26
 6.60883831e+02   5.33342293e+26
 6.61030018e+02   2.39096630e+26
 6.61176206e+02   3.57956681e+25
 6.61322393e+02   2.06390569e+25
 6.61468581e+02   2.30306817e+26
 6.61614768e+02   6.20939490e+26
 6.61760955e+02   1.07619147e+27
 6.61907143e+02   1.44329664e+27
 6.62053330e+02   1.58674365e+27
 6.62199517e+02   1.44155673e+27
 6.62345705e+02   1.04635638e+27
 6.62491892e+02   5.41593783e+26
 6.62638079e+02   1.29474872e+26
 6.62784267e+02   5.74324587e+24
 6.62930454e+02   2.85040833e+26
 6.63076642e+02   9.46625937e+26
 6.63222829e+02   1.82323242e+27
 6.63369016e+02   2.64314816e+27
 6.63515204e+02   3.11762858e+27
 6.63661391e+02   3.04824033e+27
 6.63807578e+02   2.41787466e+27
 6.63953766e+02   1.42964465e+27
 6.64099953e+02   4.71026954e+26
 6.64246140e+02   3.60644560e+24
 6.64392328e+02   4.05123576e+26
 6.64538515e+02   1.81175991e+27
 6.64684703e+02   4.01690463e+27
 6.64830890e+02   6.47346172e+27
 6.64977077e+02   8.42062592e+27
 6.65123265e+02   9.11901846e+27
 6.65269452e+02   8.14035980e+27
 6.65415639e+02   5.63112631e+27
 6.65561827e+02   2.46351695e+27
 6.65708014e+02   2.05991128e+26
 6.65854201e+02   8.87050323e+26
 6.66000389e+02   6.58034333e+27
 6.66146576e+02   1.88923971e+28
 6.66292764e+02   3.84711817e+28
 6.66438951e+02   6.46625313e+28
 6.66585138e+02   9.54173335e+28
 6.66731326e+02   1.27499312e+29
 6.66877513e+02   1.56973286e+29
 6.67023700e+02   1.79884341e+29
 6.67169888e+02   1.92987520e+29
 6.67316075e+02   1.94369221e+29
 6.67462262e+02   1.83821347e+29
 6.67608450e+02   1.62883271e+29
 6.67754637e+02   1.34541797e+29
 6.67900824e+02   1.02656964e+29
 6.68047012e+02   7.12423695e+28
 6.68193199e+02   4.37578878e+28
 6.68339387e+02   2.25635575e+28
 6.68485574e+02   8.63943379e+27
 6.68631761e+02   1.60945327e+27
 6.68777949e+02   3.53989671e+25
 6.68924136e+02   1.88801218e+27
 6.69070323e+02   5.07007876e+27
 6.69216511e+02   7.86715281e+27
 6.69362698e+02   9.23275827e+27
 6.69508885e+02   8.86601868e+27
 6.69655073e+02   7.09586032e+27
 6.69801260e+02   4.63221432e+27
 6.69947448e+02   2.26991591e+27
 6.70093635e+02   6.30790774e+26
 6.70239822e+02   6.56207551e+24
 6.70386010e+02   3.28444605e+26
 6.70532197e+02   1.25030741e+27
 6.70678384e+02   2.30218272e+27
 6.70824572e+02   3.05709863e+27
 6.70970759e+02   3.25869360e+27
 6.71116946e+02   2.87632739e+27
 6.71263134e+02   2.08100902e+27
 6.71409321e+02   1.16064201e+27
 6.71555509e+02   4.09450754e+26
 6.71701696e+02   3.00658724e+25
 6.71847883e+02   7.79719578e+25
 6.71994071e+02   4.60975620e+26
 6.72140258e+02   9.87271285e+26
 6.72286445e+02   1.44078720e+27
 6.72432633e+02   1.65605419e+27
 6.72578820e+02   1.56802371e+27
 6.72725007e+02   1.22306492e+27
 6.72871195e+02   7.51546596e+26
 6.73017382e+02   3.15035602e+26
 6.73163570e+02   4.82574466e+25
 6.73309757e+02   1.57597554e+25
 6.73455944e+02   1.96437701e+26
 6.73602132e+02   4.98551792e+26
 6.73748319e+02   7.97407064e+26
 6.73894506e+02   9.80935171e+26
 6.74040694e+02   9.87032800e+26
 6.74186881e+02   8.20662437e+26
 6.74333068e+02   5.46570350e+26
 6.74479256e+02   2.62089371e+26
 6.74625443e+02   6.09112974e+25
 6.74771631e+02   9.40355424e+23
 6.74917818e+02   8.69407760e+25
 6.75064005e+02   2.72826415e+26
 6.75210193e+02   4.81354222e+26
 6.75356380e+02   6.33175056e+26
 6.75502567e+02   6.74553703e+26
 6.75648755e+02   5.94276261e+26
 6.75794942e+02   4.24640911e+26
 6.75941129e+02   2.27264417e+26
 6.76087317e+02   6.96327927e+25
 6.76233504e+02   1.13733998e+24
 6.76379692e+02   3.69525495e+25
 6.76525879e+02   1.54864765e+26
 6.76672066e+02   3.05348538e+26
 6.76818254e+02   4.30568484e+26
 6.76964441e+02   4.85143267e+26
 6.77110628e+02   4.51322159e+26
 6.77256816e+02   3.43602199e+26
 6.77403003e+02   2.01782285e+26
 6.77549190e+02   7.55415219e+25
 6.77695378e+02   6.41452796e+24
 6.77841565e+02   1.36201303e+25
 6.77987753e+02   8.84993326e+25
 6.78133940e+02   1.99049419e+26
 6.78280127e+02   3.02426880e+26
 6.78426315e+02   3.60611590e+26
 6.78572502e+02   3.53565734e+26
 6.78718689e+02   2.85389929e+26
 6.78864877e+02   1.81664550e+26
 6.79011064e+02   7.93506799e+25
 6.79157251e+02   1.31721364e+25
 6.79303439e+02   3.44634117e+24
 6.79449626e+02   4.95831036e+25
 6.79595814e+02   0.00000000e+00
