 3.91556918e+02   9.00000000e-01   1.48559990e-07   3.76798910e-03   1.46521216e-07   3.73154961e-03
 3.91644368e+02   9.00201005e-01   1.53161687e-07   3.88470388e-03   1.49757534e-07   3.81397100e-03
 3.91731818e+02   9.00402010e-01   1.57844855e-07   4.00348502e-03   1.53218741e-07   3.90211976e-03
 3.91819267e+02   9.00603015e-01   1.62592774e-07   4.12390850e-03   1.57024932e-07   3.99905448e-03
 3.91906717e+02   9.00804020e-01   1.67417312e-07   4.24627527e-03   1.61319605e-07   4.10842966e-03
 3.91994167e+02   9.01005025e-01   1.72364320e-07   4.37174830e-03   1.66263024e-07   4.23432688e-03
 3.92081617e+02   9.01206030e-01   1.77516727e-07   4.50243095e-03   1.72023890e-07   4.38104255e-03
 3.92169067e+02   9.01407035e-01   1.82994148e-07   4.64135705e-03   1.78769992e-07   4.55284984e-03
 3.92256517e+02   9.01608040e-01   1.88948043e-07   4.79236817e-03   1.86657816e-07   4.75373409e-03
 3.92343967e+02   9.01809045e-01   1.95551897e-07   4.95986448e-03   1.95821234e-07   4.98710475e-03
 3.92431417e+02   9.02010050e-01   2.02986453e-07   5.14843023e-03   2.06359512e-07   5.25548981e-03
 3.92518867e+02   9.02211055e-01   2.11420747e-07   5.36235277e-03   2.18325053e-07   5.56022391e-03
 3.92606317e+02   9.02412060e-01   2.20990408e-07   5.60507208e-03   2.31711598e-07   5.90114762e-03
 3.92693766e+02   9.02613065e-01   2.31775323e-07   5.87861439e-03   2.46443819e-07   6.27634251e-03
 3.92781216e+02   9.02814070e-01   2.43779261e-07   6.18307529e-03   2.62369522e-07   6.68193258e-03
 3.92868666e+02   9.03015075e-01   2.56914246e-07   6.51622340e-03   2.79255816e-07   7.11198666e-03
 3.92956116e+02   9.03216080e-01   2.70992383e-07   6.87329307e-03   2.96790601e-07   7.55855624e-03
 3.93043566e+02   9.03417085e-01   2.85727368e-07   7.24702266e-03   3.14590576e-07   8.01187961e-03
 3.93131016e+02   9.03618090e-01   3.00747147e-07   7.62797559e-03   3.32216616e-07   8.46077326e-03
 3.93218466e+02   9.03819095e-01   3.15618096e-07   8.00515368e-03   3.49196777e-07   8.89321789e-03
 3.93305916e+02   9.04020101e-01   3.29879874e-07   8.36688113e-03   3.65056506e-07   9.29712775e-03
 3.93393366e+02   9.04221106e-01   3.43088785e-07   8.70190426e-03   3.79354798e-07   9.66127151e-03
 3.93480815e+02   9.04422111e-01   3.54866289e-07   9.00062201e-03   3.91724218e-07   9.97629145e-03
 3.93568265e+02   9.04623116e-01   3.64948346e-07   9.25633743e-03   4.01911922e-07   1.02357482e-02
 3.93655715e+02   9.04824121e-01   3.73230683e-07   9.46640579e-03   4.09818257e-07   1.04371039e-02
 3.93743165e+02   9.05025126e-01   3.79804964e-07   9.63315204e-03   4.15529154e-07   1.05825470e-02
 3.93830615e+02   9.05226131e-01   3.84981267e-07   9.76444077e-03   4.19338589e-07   1.06795643e-02
 3.93918065e+02   9.05427136e-01   3.89293201e-07   9.87380616e-03   4.21757756e-07   1.07411748e-02
 3.94005515e+02   9.05628141e-01   3.93483428e-07   9.98008464e-03   4.23508425e-07   1.07857602e-02
 3.94092965e+02   9.05829146e-01   3.98469087e-07   1.01065380e-02   4.25499057e-07   1.08364569e-02
 3.94180415e+02   9.06030151e-01   4.05288565e-07   1.02795033e-02   4.28783700e-07   1.09201090e-02
 3.94267865e+02   9.06231156e-01   4.15032988e-07   1.05266551e-02   4.34505211e-07   1.10658224e-02
 3.94355314e+02   9.06432161e-01   4.28767509e-07   1.08750095e-02   4.43825947e-07   1.13031995e-02
 3.94442764e+02   9.06633166e-01   4.47448802e-07   1.13488310e-02   4.57850476e-07   1.16603712e-02
 3.94530214e+02   9.06834171e-01   4.71845912e-07   1.19676251e-02   4.77545989e-07   1.21619694e-02
 3.94617664e+02   9.07035176e-01   5.02471711e-07   1.27444000e-02   5.03666783e-07   1.28272044e-02
 3.94705114e+02   9.07236181e-01   5.39531621e-07   1.36843660e-02   5.36689342e-07   1.36682111e-02
 3.94792564e+02   9.07437186e-01   5.82894951e-07   1.47842083e-02   5.76764111e-07   1.46888209e-02
 3.94880014e+02   9.07638191e-01   6.32092409e-07   1.60320240e-02   6.23689038e-07   1.58838880e-02
 3.94967464e+02   9.07839196e-01   6.86341094e-07   1.74079560e-02   6.76908452e-07   1.72392609e-02
 3.95054914e+02   9.08040201e-01   7.44595827e-07   1.88854952e-02   7.35538878e-07   1.87324395e-02
 3.95142364e+02   9.08241206e-01   8.05623369e-07   2.04333622e-02   7.98421221e-07   2.03339044e-02
 3.95229813e+02   9.08442211e-01   8.68093885e-07   2.20178280e-02   8.64196499e-07   2.20090455e-02
 3.95317263e+02   9.08643216e-01   9.30682478e-07   2.36052887e-02   9.31400230e-07   2.37205660e-02
 3.95404713e+02   9.08844221e-01   9.92172617e-07   2.51648888e-02   9.98568815e-07   2.54311913e-02
 3.95492163e+02   9.09045226e-01   1.05155309e-06   2.66709805e-02   1.06435006e-06   2.71064843e-02
 3.95579613e+02   9.09246231e-01   1.10810061e-06   2.81052189e-02   1.12760935e-06   2.87175491e-02
 3.95667063e+02   9.09447236e-01   1.16144151e-06   2.94581265e-02   1.18752316e-06   3.02434127e-02
 3.95754513e+02   9.09648241e-01   1.21158764e-06   3.07300038e-02   1.24365229e-06   3.16728891e-02
 3.95841963e+02   9.09849246e-01   1.25894403e-06   3.19311236e-02   1.29598880e-06   3.30057765e-02
 3.95929413e+02   9.10050251e-01   1.30428806e-06   3.30812033e-02   1.34497271e-06   3.42532810e-02
 3.96016863e+02   9.10251256e-01   1.34872252e-06   3.42082130e-02   1.39147667e-06   3.54376271e-02
 3.96104312e+02   9.10452261e-01   1.39360651e-06   3.53466243e-02   1.43675948e-06   3.65908736e-02
 3.96191762e+02   9.10653266e-01   1.44047031e-06   3.65352506e-02   1.48239170e-06   3.77530185e-02
 3.96279212e+02   9.10854271e-01   1.49092123e-06   3.78148582e-02   1.53015894e-06   3.89695374e-02
 3.96366662e+02   9.11055276e-01   1.54654748e-06   3.92257300e-02   1.58195005e-06   4.02885346e-02
 3.96454112e+02   9.11256281e-01   1.60882751e-06   4.08053644e-02   1.63963840e-06   4.17577208e-02
 3.96541562e+02   9.11457286e-01   1.67905075e-06   4.25864661e-02   1.70496530e-06   4.34214428e-02
 3.96629012e+02   9.11658291e-01   1.75825499e-06   4.45953562e-02   1.77943394e-06   4.53179833e-02
 3.96716462e+02   9.11859296e-01   1.84718351e-06   4.68508873e-02   1.86422159e-06   4.74773248e-02
 3.96803912e+02   9.12060302e-01   1.94626392e-06   4.93639052e-02   1.96011628e-06   4.99195363e-02
 3.96891362e+02   9.12261307e-01   2.05560860e-06   5.21372600e-02   2.06748211e-06   5.26538906e-02
 3.96978811e+02   9.12462312e-01   2.17503530e-06   5.51663294e-02   2.18625538e-06   5.56787655e-02
 3.97066261e+02   9.12663317e-01   2.30410548e-06   5.84399902e-02   2.31597132e-06   5.89823244e-02
 3.97153711e+02   9.12864322e-01   2.44217686e-06   6.19419525e-02   2.45581906e-06   6.25439164e-02
 3.97241161e+02   9.13065327e-01   2.58846664e-06   6.56523612e-02   2.60472061e-06   6.63360873e-02
 3.97328611e+02   9.13266332e-01   2.74212117e-06   6.95495652e-02   2.76142796e-06   7.03270537e-02
 3.97416061e+02   9.13467337e-01   2.90228867e-06   7.36119605e-02   2.92463160e-06   7.44834655e-02
 3.97503511e+02   9.13668342e-01   3.06819135e-06   7.78198195e-02   3.09307297e-06   7.87732695e-02
 3.97590961e+02   9.13869347e-01   3.23919391e-06   8.21570290e-02   3.26565344e-06   8.31684868e-02
 3.97678411e+02   9.14070352e-01   3.41486594e-06   8.66126722e-02   3.44153322e-06   8.76477299e-02
 3.97765860e+02   9.14271357e-01   3.59503567e-06   9.11823922e-02   3.62021411e-06   9.21983105e-02
 3.97853310e+02   9.14472362e-01   3.77983323e-06   9.58694899e-02   3.80160166e-06   9.68178233e-02
 3.97940760e+02   9.14673367e-01   3.96972155e-06   1.00685707e-01   3.98604383e-06   1.01515130e-01
 3.98028210e+02   9.14874372e-01   4.16551348e-06   1.05651659e-01   4.17434495e-06   1.06310715e-01
 3.98115660e+02   9.15075377e-01   4.36837416e-06   1.10796899e-01   4.36775570e-06   1.11236431e-01
 3.98203110e+02   9.15276382e-01   4.57980779e-06   1.16159579e-01   4.56794121e-06   1.16334683e-01
 3.98290560e+02   9.15477387e-01   4.80162949e-06   1.21785736e-01   4.77693147e-06   1.21657172e-01
 3.98378010e+02   9.15678392e-01   5.03592343e-06   1.27728231e-01   4.99705916e-06   1.27263305e-01
 3.98465460e+02   9.15879397e-01   5.28498980e-06   1.34045405e-01   5.23089105e-06   1.33218451e-01
 3.98552910e+02   9.16080402e-01   5.55128471e-06   1.40799554e-01   5.48115990e-06   1.39592208e-01
 3.98640359e+02   9.16281407e-01   5.83735822e-06   1.48055356e-01   5.75070338e-06   1.46456845e-01
 3.98727809e+02   9.16482412e-01   6.14579684e-06   1.55878414e-01   6.04241662e-06   1.53886093e-01
 3.98815259e+02   9.16683417e-01   6.47917764e-06   1.64334091e-01   6.35922352e-06   1.61954417e-01
 3.98902709e+02   9.16884422e-01   6.84004074e-06   1.73486812e-01   6.70407061e-06   1.70736858e-01
 3.98990159e+02   9.17085427e-01   7.23088611e-06   1.83399987e-01   7.07994501e-06   1.80309492e-01
 3.99077609e+02   9.17286432e-01   7.65419893e-06   1.94136647e-01   7.48991556e-06   1.90750475e-01
 3.99165059e+02   9.17487437e-01   8.11250456e-06   2.05760844e-01   7.93719331e-06   2.02141584e-01
 3.99252509e+02   9.17688442e-01   8.60845069e-06   2.18339733e-01   8.42520449e-06   2.14570077e-01
 3.99339959e+02   9.17889447e-01   9.14490969e-06   2.31946167e-01   8.95766596e-06   2.28130614e-01
 3.99427409e+02   9.18090452e-01   9.72508995e-06   2.46661521e-01   9.53865094e-06   2.42926930e-01
 3.99514858e+02   9.18291457e-01   1.03526404e-05   2.62578346e-01   1.01726304e-05   2.59072891e-01
 3.99602308e+02   9.18492462e-01   1.10317292e-05   2.79802360e-01   1.08644747e-05   2.76692533e-01
 3.99689758e+02   9.18693467e-01   1.17670756e-05   2.98453257e-01   1.16194008e-05   2.95918718e-01
 3.99777208e+02   9.18894472e-01   1.25639133e-05   3.18663783e-01   1.24428503e-05   3.16890034e-01
 3.99864658e+02   9.19095477e-01   1.34278663e-05   3.40576585e-01   1.33402897e-05   3.39745699e-01
 3.99952108e+02   9.19296482e-01   1.43647222e-05   3.64338453e-01   1.43169253e-05   3.64618302e-01
 4.00039558e+02   9.19497487e-01   1.53800934e-05   3.90091737e-01   1.53773332e-05   3.91624390e-01
 4.00127008e+02   9.19698492e-01   1.64789685e-05   4.17962965e-01   1.65250132e-05   4.20853090e-01
 4.00214458e+02   9.19899497e-01   1.76651631e-05   4.48048915e-01   1.77618796e-05   4.52353159e-01
 4.00301908e+02   9.20100503e-01   1.89406936e-05   4.80400727e-01   1.90877137e-05   4.86119024e-01
 4.00389357e+02   9.20301508e-01   2.03051047e-05   5.15006856e-01   2.04996070e-05   5.22076616e-01
 4.00476807e+02   9.20502513e-01   2.17547961e-05   5.51775986e-01   2.19914328e-05   5.60069899e-01
 4.00564257e+02   9.20703518e-01   2.32823965e-05   5.90521154e-01   2.35533857e-05   5.99849153e-01
 4.00651707e+02   9.20904523e-01   2.48762410e-05   6.30946499e-01   2.51716324e-05   6.41062078e-01
 4.00739157e+02   9.21105528e-01   2.65200067e-05   6.72638013e-01   2.68281150e-05   6.83248781e-01
 4.00826607e+02   9.21306533e-01   2.81925566e-05   7.15059596e-01   2.85005423e-05   7.25841557e-01
 4.00914057e+02   9.21507538e-01   2.98680363e-05   7.57555487e-01   3.01625990e-05   7.68170219e-01
 4.01001507e+02   9.21708543e-01   3.15162495e-05   7.99359808e-01   3.17843902e-05   8.09473413e-01
 4.01088957e+02   9.21909548e-01   3.31033278e-05   8.39613538e-01   3.33331253e-05   8.48916043e-01
 4.01176406e+02   9.22110553e-01   3.45926854e-05   8.77388739e-01   3.47740316e-05   8.85612526e-01
 4.01263856e+02   9.22311558e-01   3.59462331e-05   9.11719333e-01   3.60714693e-05   9.18655204e-01
 4.01351306e+02   9.22512563e-01   3.71258013e-05   9.41637215e-01   3.71902077e-05   9.47146829e-01
 4.01438756e+02   9.22713568e-01   3.80947080e-05   9.66212000e-01   3.80968040e-05   9.70235698e-01
 4.01526206e+02   9.22914573e-01   3.88193875e-05   9.84592350e-01   3.87610192e-05   9.87151693e-01
 4.01613656e+02   9.23115578e-01   3.92709911e-05   9.96046561e-01   3.91571951e-05   9.97241358e-01
 4.01701106e+02   9.23316583e-01   3.94268628e-05   1.00000000e+00   3.92655146e-05   1.00000000e+00
 4.01788556e+02   9.23517588e-01   3.92717970e-05   9.96067001e-01   3.90730699e-05   9.95098886e-01
 4.01876006e+02   9.23718593e-01   3.87989960e-05   9.84075150e-01   3.85746698e-05   9.82405811e-01
 4.01963456e+02   9.23919598e-01   3.80106583e-05   9.64080214e-01   3.77733314e-05   9.61997615e-01
 4.02050905e+02   9.24120603e-01   3.69181530e-05   9.36370545e-01   3.66804162e-05   9.34163642e-01
 4.02138355e+02   9.24321608e-01   3.55417553e-05   9.01460395e-01   3.53153904e-05   8.99399656e-01
 4.02225805e+02   9.24522613e-01   3.39099523e-05   8.60072294e-01   3.37052150e-05   8.58392288e-01
 4.02313255e+02   9.24723618e-01   3.20583491e-05   8.13109306e-01   3.18833874e-05   8.11994639e-01
 4.02400705e+02   9.24924623e-01   3.00282344e-05   7.61618660e-01   2.98886831e-05   7.61194227e-01
 4.02488155e+02   9.25125628e-01   2.78648867e-05   7.06748766e-01   2.77636609e-05   7.07074926e-01
 4.02575605e+02   9.25326633e-01   2.56157141e-05   6.49702064e-01   2.55530120e-05   6.50774916e-01
 4.02663055e+02   9.25527638e-01   2.33283379e-05   5.91686385e-01   2.33018411e-05   5.93442905e-01
 4.02750505e+02   9.25728643e-01   2.10487240e-05   5.33867585e-01   2.10539716e-05   5.36194974e-01
 4.02837955e+02   9.25929648e-01   1.88194679e-05   4.77326029e-01   1.88503656e-05   4.80074328e-01
 4.02925404e+02   9.26130653e-01   1.66783225e-05   4.23019263e-01   1.67277385e-05   4.26016025e-01
 4.03012854e+02   9.26331658e-01   1.46570424e-05   3.71752692e-01   1.47174375e-05   3.74818404e-01
 4.03100304e+02   9.26532663e-01   1.27805932e-05   3.24159527e-01   1.28446325e-05   3.27122479e-01
 4.03187754e+02   9.26733668e-01   1.10667515e-05   2.80690645e-01   1.11278482e-05   2.83400035e-01
 4.03275204e+02   9.26934673e-01   9.52609371e-06   2.41614296e-01   9.57884587e-06   2.43950600e-01
 4.03362654e+02   9.27135678e-01   8.16234654e-06   2.07025007e-01   8.20283811e-06   2.08906930e-01
 4.03450104e+02   9.27336683e-01   6.97305220e-06   1.76860437e-01   6.99900288e-06   1.78248087e-01
 4.03537554e+02   9.27537688e-01   5.95048145e-06   1.50924548e-01   5.96124498e-06   1.51818842e-01
 4.03625004e+02   9.27738693e-01   5.08271826e-06   1.28915107e-01   5.07914149e-06   1.29353748e-01
 4.03712454e+02   9.27939698e-01   4.35483334e-06   1.10453458e-01   4.33900026e-06   1.10504097e-01
 4.03799903e+02   9.28140704e-01   3.75006556e-06   9.51144800e-02   3.72495854e-06   9.48659041e-02
 4.03887353e+02   9.28341709e-01   3.25093649e-06   8.24548609e-02   3.22005272e-06   8.20071441e-02
 4.03974803e+02   9.28542714e-01   2.84023586e-06   7.20380893e-02   2.80719738e-06   7.14926928e-02
 4.04062253e+02   9.28743719e-01   2.50183057e-06   6.34549744e-02   2.47002451e-06   6.29056955e-02
 4.04149703e+02   9.28944724e-01   2.22126794e-06   5.63389472e-02   2.19354751e-06   5.58644789e-02
 4.04237153e+02   9.29145729e-01   1.98616217e-06   5.03758613e-02   1.96463074e-06   5.00345088e-02
 4.04324603e+02   9.29346734e-01   1.78637014e-06   4.53084524e-02   1.77226102e-06   4.51353061e-02
 4.04412053e+02   9.29547739e-01   1.61397784e-06   4.09359944e-02   1.60763224e-06   4.09425996e-02
 4.04499503e+02   9.29748744e-01   1.46313056e-06   3.71099920e-02   1.46406623e-06   3.72863120e-02
 4.04586953e+02   9.29949749e-01   1.32974760e-06   3.37269442e-02   1.33680256e-06   3.40452065e-02
 4.04674402e+02   9.30150754e-01   1.21116566e-06   3.07193007e-02   1.22269544e-06   3.11391675e-02
 4.04761852e+02   9.30351759e-01   1.10575470e-06   2.80457185e-02   1.11985784e-06   2.85201367e-02
 4.04849302e+02   9.30552764e-01   1.01254536e-06   2.56816113e-02   1.02729149e-06   2.61626901e-02
 4.04936752e+02   9.30753769e-01   9.30899974e-07   2.36108051e-02   9.44536643e-07   2.40551194e-02
 4.05024202e+02   9.30954774e-01   8.60249887e-07   2.18188774e-02   8.71368867e-07   2.21917088e-02
 4.05111652e+02   9.31155779e-01   7.99911975e-07   2.02885017e-02   8.07561401e-07   2.05666832e-02
 4.05199102e+02   9.31356784e-01   7.48987022e-07   1.89968709e-02   7.52722817e-07   1.91700739e-02
 4.05286552e+02   9.31557789e-01   7.06334042e-07   1.79150455e-02   7.06211004e-07   1.79855278e-02
 4.05374002e+02   9.31758794e-01   6.70607535e-07   1.70088992e-02   6.67116844e-07   1.69898918e-02
 4.05461451e+02   9.31959799e-01   6.40339936e-07   1.62412094e-02   6.34305030e-07   1.61542523e-02
 4.05548901e+02   9.32160804e-01   6.14049349e-07   1.55743903e-02   6.06495516e-07   1.54460096e-02
 4.05636351e+02   9.32361809e-01   5.90352800e-07   1.49733648e-02   5.82367399e-07   1.48315234e-02
 4.05723801e+02   9.32562814e-01   5.68067636e-07   1.44081369e-02   5.60667359e-07   1.42788746e-02
 4.05811251e+02   9.32763819e-01   5.46287602e-07   1.38557208e-02   5.40307025e-07   1.37603449e-02
 4.05898701e+02   9.32964824e-01   5.24425146e-07   1.33012142e-02   5.20437178e-07   1.32543068e-02
 4.05986151e+02   9.33165829e-01   5.02216807e-07   1.27379348e-02   5.00491178e-07   1.27463293e-02
 4.06073601e+02   9.33366834e-01   4.79693596e-07   1.21666692e-02   4.80194700e-07   1.22294259e-02
 4.06161051e+02   9.33567839e-01   4.57122543e-07   1.15941901e-02   4.59543375e-07   1.17034853e-02
 4.06248501e+02   9.33768844e-01   4.34928614e-07   1.10312762e-02   4.38753677e-07   1.11740208e-02
 4.06335950e+02   9.33969849e-01   4.13607806e-07   1.04905077e-02   4.18195138e-07   1.06504433e-02
 4.06423400e+02   9.34170854e-01   3.93642385e-07   9.98411633e-03   3.98313428e-07   1.01441031e-02
 4.06510850e+02   9.34371859e-01   3.75428016e-07   9.52213768e-03   3.79554073e-07   9.66634658e-03
 4.06598300e+02   9.34572864e-01   3.59220287e-07   9.11105427e-03   3.62295582e-07   9.22681355e-03
 4.06685750e+02   9.34773869e-01   3.45105117e-07   8.75304533e-03   3.46798860e-07   8.83214861e-03
 4.06773200e+02   9.34974874e-01   3.32994322e-07   8.44587416e-03   3.33177216e-07   8.48523747e-03
 4.06860650e+02   9.35175879e-01   3.22644428e-07   8.18336547e-03   3.21388464e-07   8.18500577e-03
 4.06948100e+02   9.35376884e-01   3.13694230e-07   7.95635785e-03   3.11247852e-07   7.92674830e-03
 4.07035550e+02   9.35577889e-01   3.05714663e-07   7.75396877e-03   3.02458189e-07   7.70289635e-03
 4.07123000e+02   9.35778894e-01   2.98263644e-07   7.56498545e-03   2.94651833e-07   7.50408687e-03
 4.07210449e+02   9.35979899e-01   2.90938526e-07   7.37919543e-03   2.87438227e-07   7.32037335e-03
 4.07297899e+02   9.36180905e-01   2.83419749e-07   7.18849356e-03   2.80450599e-07   7.14241496e-03
 4.07385349e+02   9.36381910e-01   2.75500851e-07   6.98764324e-03   2.73386067e-07   6.96249800e-03
 4.07472799e+02   9.36582915e-01   2.67102112e-07   6.77462249e-03   2.66034705e-07   6.77527616e-03
 4.07560249e+02   9.36783920e-01   2.58267337e-07   6.55054240e-03   2.58294847e-07   6.57816024e-03
 4.07647699e+02   9.36984925e-01   2.49145446e-07   6.31918007e-03   2.50173817e-07   6.37133677e-03
 4.07735149e+02   9.37185930e-01   2.39960283e-07   6.08621295e-03   2.41775136e-07   6.15744217e-03
 4.07822599e+02   9.37386935e-01   2.30973313e-07   5.85827267e-03   2.33274837e-07   5.94095962e-03
 4.07910049e+02   9.37587940e-01   2.22444406e-07   5.64195045e-03   2.24890678e-07   5.72743488e-03
 4.07997499e+02   9.37788945e-01   2.14595802e-07   5.44288301e-03   2.16848609e-07   5.52262237e-03
 4.08084948e+02   9.37989950e-01   2.07583567e-07   5.26502878e-03   2.09350897e-07   5.33167332e-03
 4.08172398e+02   9.38190955e-01   2.01479658e-07   5.11021278e-03   2.02549758e-07   5.15846436e-03
 4.08259848e+02   9.38391960e-01   1.96266119e-07   4.97797961e-03   1.96529409e-07   5.00514028e-03
 4.08347298e+02   9.38592965e-01   1.91841351e-07   4.86575237e-03   1.91298160e-07   4.87191271e-03
 4.08434748e+02   9.38793970e-01   1.88036846e-07   4.76925711e-03   1.86790923e-07   4.75712403e-03
 4.08522198e+02   9.38994975e-01   1.84641574e-07   4.68314142e-03   1.82880564e-07   4.65753640e-03
 4.08609648e+02   9.39195980e-01   1.81430426e-07   4.60169573e-03   1.79399149e-07   4.56887299e-03
 4.08697098e+02   9.39396985e-01   1.78192817e-07   4.51957890e-03   1.76147631e-07   4.48606450e-03
 4.08784548e+02   9.39597990e-01   1.74757785e-07   4.43245473e-03   1.72999127e-07   4.40587952e-03
 4.08871998e+02   9.39798995e-01   1.71012578e-07   4.33746349e-03   1.69460796e-07   4.31576657e-03
 4.08959447e+02   9.40000000e-01   0.00000000e+00   0.00000000e+00   0.00000000e+00   0.00000000e+00
