 3.91556918e+02   3.96537616e+25
 3.91644368e+02   7.69029120e+24
 3.91731818e+02   8.15505493e+23
 3.91819267e+02   2.12666479e+25
 3.91906717e+02   6.77240095e+25
 3.91994167e+02   1.35364631e+26
 3.92081617e+02   2.16383296e+26
 3.92169067e+02   3.00927859e+26
 3.92256517e+02   3.78339329e+26
 3.92343967e+02   4.38542983e+26
 3.92431417e+02   4.73411467e+26
 3.92518867e+02   4.77918185e+26
 3.92606317e+02   4.50920545e+26
 3.92693766e+02   3.95455838e+26
 3.92781216e+02   3.18492673e+26
 3.92868666e+02   2.30150850e+26
 3.92956116e+02   1.42473228e+26
 3.93043566e+02   6.78955602e+25
 3.93131016e+02   1.76055817e+25
 3.93218466e+02   4.59677000e+21
 3.93305916e+02   1.94793560e+25
 3.93393366e+02   7.56590611e+25
 3.93480815e+02   1.63275029e+26
 3.93568265e+02   2.72665554e+26
 3.93655715e+02   3.90884962e+26
 3.93743165e+02   5.03294426e+26
 3.93830615e+02   5.95443514e+26
 3.93918065e+02   6.55005299e+26
 3.94005515e+02   6.73510964e+26
 3.94092965e+02   6.47645780e+26
 3.94180415e+02   5.79916159e+26
 3.94267865e+02   4.78572437e+26
 3.94355314e+02   3.56765273e+26
 3.94442764e+02   2.31013656e+26
 3.94530214e+02   1.19156760e+26
 3.94617664e+02   3.80375392e+25
 3.94705114e+02   1.21239585e+24
 3.94792564e+02   1.69911635e+25
 3.94880014e+02   8.70819834e+25
 3.94967464e+02   2.06048687e+26
 3.95054914e+02   3.61690975e+26
 3.95142364e+02   5.36341407e+26
 3.95229813e+02   7.08952241e+26
 3.95317263e+02   8.57735119e+26
 3.95404713e+02   9.63032263e+26
 3.95492163e+02   1.01005153e+27
 3.95579613e+02   9.91097145e+26
 3.95667063e+02   9.06975640e+26
 3.95754513e+02   7.67348261e+26
 3.95841963e+02   5.89927801e+26
 3.95929413e+02   3.98563932e+26
 3.96016863e+02   2.20409352e+26
 3.96104312e+02   8.24899393e+25
 3.96191762e+02   8.09783731e+24
 3.96279212e+02   1.34727662e+25
 3.96366662e+02   1.05225167e+26
 3.96454112e+02   2.78883487e+26
 3.96541562e+02   5.18822920e+26
 3.96629012e+02   7.99667411e+26
 3.96716462e+02   1.08906980e+27
 3.96803912e+02   1.35158946e+27
 3.96891362e+02   1.55322668e+27
 3.96978811e+02   1.66606022e+27
 3.97066261e+02   1.67238659e+27
 3.97153711e+02   1.56778603e+27
 3.97241161e+02   1.36264267e+27
 3.97328611e+02   1.08181602e+27
 3.97416061e+02   7.62380451e+26
 3.97503511e+02   4.49593786e+26
 3.97590961e+02   1.91496237e+26
 3.97678411e+02   3.27455895e+25
 3.97765860e+02   8.43592875e+24
 3.97853310e+02   1.38702999e+26
 3.97940760e+02   4.24876898e+26
 3.98028210e+02   8.47800817e+26
 3.98115660e+02   1.36870402e+27
 3.98203110e+02   1.93272076e+27
 3.98290560e+02   2.47481678e+27
 3.98378010e+02   2.92756014e+27
 3.98465460e+02   3.22989356e+27
 3.98552910e+02   3.33586988e+27
 3.98640359e+02   3.22222982e+27
 3.98727809e+02   2.89375153e+27
 3.98815259e+02   2.38548777e+27
 3.98902709e+02   1.76131673e+27
 3.98990159e+02   1.10863901e+27
 3.99077609e+02   5.29514828e+26
 3.99165059e+02   1.29000576e+26
 3.99252509e+02   1.85903846e+24
 3.99339959e+02   2.19128767e+26
 3.99427409e+02   8.16201439e+26
 3.99514858e+02   1.78404059e+27
 3.99602308e+02   3.06496852e+27
 3.99689758e+02   4.55405882e+27
 3.99777208e+02   6.10662971e+27
 3.99864658e+02   7.55168669e+27
 3.99952108e+02   8.71047625e+27
 4.00039558e+02   9.41865784e+27
 4.00127008e+02   9.55005256e+27
 4.00214458e+02   9.03955245e+27
 4.00301908e+02   7.90262525e+27
 4.00389357e+02   6.24895939e+27
 4.00476807e+02   4.28816852e+27
 4.00564257e+02   2.32609352e+27
 4.00651707e+02   7.51054671e+26
 4.00739157e+02   1.03472710e+25
 4.00826607e+02   5.78252445e+26
 4.00914057e+02   2.91775522e+27
 4.01001507e+02   7.43892954e+27
 4.01088957e+02   1.44574801e+28
 4.01176406e+02   2.41571590e+28
 4.01263856e+02   3.65596665e+28
 4.01351306e+02   5.15051880e+28
 4.01438756e+02   6.86459534e+28
 4.01526206e+02   8.74541749e+28
 4.01613656e+02   1.07244529e+29
 4.01701106e+02   1.27210090e+29
 4.01788556e+02   1.46469419e+29
 4.01876006e+02   1.64121476e+29
 4.01963456e+02   1.79304248e+29
 4.02050905e+02   1.91252568e+29
 4.02138355e+02   1.99350545e+29
 4.02225805e+02   2.03174404e+29
 4.02313255e+02   2.02522256e+29
 4.02400705e+02   1.97428367e+29
 4.02488155e+02   1.88160755e+29
 4.02575605e+02   1.75202308e+29
 4.02663055e+02   1.59216972e+29
 4.02750505e+02   1.41003760e+29
 4.02837955e+02   1.21442309e+29
 4.02925404e+02   1.01434324e+29
 4.03012854e+02   8.18455292e+28
 4.03100304e+02   6.34525731e+28
 4.03187754e+02   4.68987977e+28
 4.03275204e+02   3.26619519e+28
 4.03362654e+02   2.10358068e+28
 4.03450104e+02   1.21264122e+28
 4.03537554e+02   5.86247810e+27
 4.03625004e+02   2.01820651e+27
 4.03712454e+02   2.45936952e+26
 4.03799903e+02   1.15283338e+26
 4.03887353e+02   1.15508031e+27
 4.03974803e+02   2.89444603e+27
 4.04062253e+02   4.89958828e+27
 4.04149703e+02   6.80358739e+27
 4.04237153e+02   8.32721152e+27
 4.04324603e+02   9.28976899e+27
 4.04412053e+02   9.60998184e+27
 4.04499503e+02   9.29777994e+27
 4.04586953e+02   8.43868218e+27
 4.04674402e+02   7.17298532e+27
 4.04761852e+02   5.67228172e+27
 4.04849302e+02   4.11586101e+27
 4.04936752e+02   2.66933290e+27
 4.05024202e+02   1.46737534e+27
 4.05111652e+02   6.01924921e+26
 4.05199102e+02   1.16451975e+26
 4.05286552e+02   6.27836193e+24
 4.05374002e+02   2.24270696e+26
 4.05461451e+02   6.90737410e+26
 4.05548901e+02   1.30601765e+27
 4.05636351e+02   1.96409775e+27
 4.05723801e+02   2.56562935e+27
 4.05811251e+02   3.02893368e+27
 4.05898701e+02   3.29792442e+27
 4.05986151e+02   3.34631856e+27
 4.06073601e+02   3.17797654e+27
 4.06161051e+02   2.82366591e+27
 4.06248501e+02   2.33492701e+27
 4.06335950e+02   1.77599727e+27
 4.06423400e+02   1.21489962e+27
 4.06510850e+02   7.14810890e+26
 4.06598300e+02   3.26708684e+26
 4.06685750e+02   8.40698826e+25
 4.06773200e+02   9.60243701e+22
 4.06860650e+02   6.76079180e+25
 4.06948100e+02   2.61425830e+26
 4.07035550e+02   5.42769363e+26
 4.07123000e+02   8.65002972e+26
 4.07210449e+02   1.17993846e+27
 4.07297899e+02   1.44389228e+27
 4.07385349e+02   1.62277838e+27
 4.07472799e+02   1.69568052e+27
 4.07560249e+02   1.65656779e+27
 4.07647699e+02   1.51406306e+27
 4.07735149e+02   1.28941639e+27
 4.07822599e+02   1.01304402e+27
 4.07910049e+02   7.20146720e+26
 4.07997499e+02   4.46002726e+26
 4.08084948e+02   2.21535138e+26
 4.08172398e+02   6.96848948e+25
 4.08259848e+02   2.99106984e+24
 4.08347298e+02   2.26088457e+25
 4.08434748e+02   1.18805580e+26
 4.08522198e+02   2.72790799e+26
 4.08609648e+02   4.59579073e+26
 4.08697098e+02   6.51473176e+26
 4.08784548e+02   8.21700116e+26
 4.08871998e+02   9.47738210e+26
 4.08959447e+02   0.00000000e+00
